node1,node2,length,startLat,startLon,endLat,endLon,endNodeL,startNodeL,startYear,endYear,treeID
12,1,0.144461967181504,50.4591327237705,4.189948545817,50.4618362206155,4.20600086566018,0.144461967181504,0,2020.0686527869,2020.21311475408,28895000
12,13,0.05347371079,50.4591327237705,4.189948545817,50.6336322178317,5.62739769896378,0.05347371079,0,2020.0686527869,2020.12212649769,28895000
13,14,0.000166289214100002,50.6336322178317,5.62739769896378,50.6304265448808,5.63042484911113,0.0536400000041,0.05347371079,2020.12212649769,2020.1222927869,28895000
13,17,0.049425892,50.6336322178317,5.62739769896378,50.6014067013936,6.08695664931488,0.10289960279,0.05347371079,2020.12212649769,2020.17155238969,28895000
14,5,0.123608852481504,50.6304265448808,5.63042484911113,50.61963649692,5.62328260113898,0.177248852485604,0.0536400000041,2020.1222927869,2020.24590163939,28895000
14,15,0.05743566521,50.6304265448808,5.63042484911113,50.6276246653467,5.63338961219034,0.1110756652141,0.0536400000041,2020.1222927869,2020.17972845211,28895000
15,16,0.000544334787500003,50.6276246653467,5.63338961219034,50.707484099225,5.65720760000907,0.1116200000016,0.1110756652141,2020.17972845211,2020.1802727869,28895000
15,4,0.000599416736104266,50.6276246653467,5.63338961219034,50.6279432477642,5.63317574143772,0.111675081950204,0.1110756652141,2020.17972845211,2020.18032786885,28895000
16,2,5.50819485742732e-05,50.707484099225,5.65720760000907,50.7147552184522,5.63544792660073,0.111675081950174,0.1116200000016,2020.1802727869,2020.18032786885,28895000
16,3,5.50819485742732e-05,50.707484099225,5.65720760000907,50.7075260159371,5.65737920737685,0.111675081950174,0.1116200000016,2020.1802727869,2020.18032786885,28895000
17,18,0.000470397218599997,50.6014067013936,6.08695664931488,50.4433206224261,4.48760184690154,0.1033700000086,0.10289960279,2020.17155238969,2020.17202278691,28895000
17,6,0.0524913261615043,50.6014067013936,6.08695664931488,50.59702373549,6.10809357744726,0.155390928951504,0.10289960279,2020.17155238969,2020.22404371585,28895000
18,7,0.0984690163715043,50.4433206224261,4.48760184690154,50.4134330626051,4.50670758831703,0.201839016380104,0.1033700000086,2020.17202278691,2020.27049180328,28895000
18,19,0.00408,50.4433206224261,4.48760184690154,50.4426414061596,4.48675103187817,0.1074500000086,0.1033700000086,2020.17202278691,2020.17610278691,28895000
19,8,0.0506731693815043,50.4426414061596,4.48675103187817,50.8575118182826,4.29711572215917,0.158123169390104,0.1074500000086,2020.17610278691,2020.22677595629,28895000
19,20,0.00546000000000001,50.4426414061596,4.48675103187817,50.509596665624,4.46007888235432,0.1129100000086,0.1074500000086,2020.17610278691,2020.18156278691,28895000
20,9,0.0506776502515043,50.509596665624,4.46007888235432,50.5082366098553,4.47645598652495,0.163587650260104,0.1129100000086,2020.18156278691,2020.23224043716,28895000
20,21,0.04515,50.509596665624,4.46007888235432,50.5164054585332,4.44822198979682,0.1580600000086,0.1129100000086,2020.18156278691,2020.22671278691,28895000
21,10,6.31693803942734e-05,50.5164054585332,4.44822198979682,50.8530568899522,5.02836498566538,0.158123169388994,0.1580600000086,2020.22671278691,2020.22677595629,28895000
21,11,0.0191888524415043,50.5164054585332,4.44822198979682,50.5452702192249,4.34850036956732,0.177248852450104,0.1580600000086,2020.22671278691,2020.24590163935,28895000
26,27,0.000199923969000003,51.2029333999486,5.15256588178916,50.9570191860909,4.96442330604429,0.000199923969000003,0,2020.18135286292,2020.18155278689,5779000
26,28,0.000199923969000003,51.2029333999486,5.15256588178916,50.9570191860909,4.96442330604429,0.000199923969000003,0,2020.18135286292,2020.18155278689,5779000
27,22,0.0588843715798546,50.9570191860909,4.96442330604429,51.0546194191661,5.18180043569388,0.0590842955488546,0.000199923969000003,2020.18155278689,2020.24043715847,5779000
27,23,0.0479554098398546,50.9570191860909,4.96442330604429,50.9222695726985,4.86902333804074,0.0481553338088546,0.000199923969000003,2020.18155278689,2020.22950819673,5779000
28,24,0.0397586885198546,50.9570191860909,4.96442330604429,51.1969755246751,5.14758472604657,0.0399586124888546,0.000199923969000003,2020.18155278689,2020.22131147541,5779000
28,25,0.0616166120198546,50.9570191860909,4.96442330604429,51.2994758187709,4.68378357311466,0.0618165359888546,0.000199923969000003,2020.18155278689,2020.24316939891,5779000
33,29,0.08226914921,51.0725475178348,4.96421557004,51.0844679151367,5.01608430089321,0.08226914921,0,2020.1609002497,2020.24316939891,5779000
33,34,6.4692527990004e-05,51.0725475178348,4.96421557004,51.0723386507455,4.96794969026826,6.4692527990004e-05,0,2020.1609002497,2020.16096494223,5779000
34,30,0.07673997581,51.0723386507455,4.96794969026826,51.1761133449086,5.43552269231878,0.07680466833799,6.4692527990004e-05,2020.16096494223,2020.23770491804,5779000
34,35,4.78446596999943e-05,51.0723386507455,4.96794969026826,51.0728352711947,4.97100401297146,0.000112537187689998,6.4692527990004e-05,2020.16096494223,2020.16101278689,5779000
35,31,0.06849540984,51.0728352711947,4.97100401297146,50.7761820655608,3.84673323840394,0.06860794702769,0.000112537187689998,2020.16101278689,2020.22950819673,5779000
35,32,0.08215661202,51.0728352711947,4.97100401297146,51.2631738519747,4.66352198655687,0.08226914920769,0.000112537187689998,2020.16101278689,2020.24316939891,5779000
41,42,0.0028,50.8292423216015,4.52675582912724,50.8314442882045,4.5273157419579,0.0028,0,2020.22118278689,2020.22398278689,5779000
41,43,0.00533,50.8292423216015,4.52675582912724,50.8286936451457,4.52694434299172,0.00533,0,2020.22118278689,2020.22651278689,5779000
42,36,6.09289614231547e-05,50.8314442882045,4.5273157419579,51.1448190463832,4.34254513687206,0.00286092896142316,0.0028,2020.22398278689,2020.22404371585,5779000
42,37,0.00279316939865316,50.8314442882045,4.5273157419579,50.829256638524,4.5246515174741,0.00559316939865316,0.0028,2020.22398278689,2020.22677595629,5779000
43,38,0.00299540983565315,50.8286936451457,4.52694434299172,51.0643033249234,4.8764594608386,0.00832540983565315,0.00533,2020.22651278689,2020.22950819672,5779000
43,44,0.01387,50.8286936451457,4.52694434299172,50.9231202515935,4.72795843333048,0.0192,0.00533,2020.22651278689,2020.24038278689,5779000
44,39,0.00278661202165316,50.9231202515935,4.72795843333048,51.2288068595177,4.54517976882849,0.0219866120216532,0.0192,2020.24038278689,2020.24316939891,5779000
44,40,5.43715844031553e-05,50.9231202515935,4.72795843333048,50.9230877549039,4.72790837744003,0.0192543715844032,0.0192,2020.24038278689,2020.24043715847,5779000
48,45,0.0262130054599446,50.583732508506,5.60699872408449,50.5831472685106,5.60646934483551,0.0262130054599446,0,2020.17597278689,2020.20218579235,5779000
48,49,0.02343,50.583732508506,5.60699872408449,50.5825448788875,5.60589787538548,0.02343,0,2020.17597278689,2020.19940278689,5779000
49,46,0.0546955737699446,50.5825448788875,5.60589787538548,50.5719131535071,5.59240442077255,0.0781255737699446,0.02343,2020.19940278689,2020.25409836066,5779000
49,47,5.07650271246163e-05,50.5825448788875,5.60589787538548,50.6633377228339,5.58437561631088,0.0234807650271246,0.02343,2020.19940278689,2020.19945355192,5779000
58,50,6.16393386501379e-05,50.6095589063753,5.97388849015296,50.5956073408238,6.00906941908286,6.16393386501379e-05,0,2020.16387278689,2020.16393442622,5779000
58,59,0.00813,50.6095589063753,5.97388849015296,50.5917504347804,5.95594498173968,0.00813,0,2020.16387278689,2020.17200278689,5779000
59,60,0.0028,50.5917504347804,5.95594498173968,50.6095375529838,5.92283119417419,0.01093,0.00813,2020.17200278689,2020.17480278689,5779000
59,61,0.01086,50.5917504347804,5.95594498173968,50.5739414404131,5.99855045811185,0.01899,0.00813,2020.17200278689,2020.18286278689,5779000
60,51,0.00279284152434014,50.6095375529838,5.92283119417419,50.6856012039666,5.93248577826464,0.0137228415243401,0.01093,2020.17480278689,2020.17759562841,5779000
60,52,6.06010871601476e-05,50.6095375529838,5.92283119417419,50.6085770317353,5.92399460082604,0.0109906010871601,0.01093,2020.17480278689,2020.17486338797,5779000
61,53,0.00292956283634013,50.5739414404131,5.99855045811185,50.6669273871569,5.6737498768493,0.0219195628363401,0.01899,2020.18286278689,2020.18579234972,5779000
61,62,0.01359,50.5739414404131,5.99855045811185,50.5234067344327,6.09723313582144,0.03258,0.01899,2020.18286278689,2020.19645278689,5779000
62,63,0.00294,50.5234067344327,6.09723313582144,50.5501038821005,6.09980882876136,0.03552,0.03258,2020.19645278689,2020.19939278689,5779000
62,64,0.00822,50.5234067344327,6.09723313582144,50.5078959694642,6.08483469522383,0.0408,0.03258,2020.19645278689,2020.20467278689,5779000
63,55,6.07650215201372e-05,50.5501038821005,6.09980882876136,50.7596621829362,5.85976502446885,0.0355807650215201,0.03552,2020.19939278689,2020.19945355191,5779000
63,54,6.07650215201372e-05,50.5501038821005,6.09980882876136,50.5500507413202,6.10217561652301,0.0355807650215201,0.03552,2020.19939278689,2020.19945355191,5779000
64,56,0.00297748633334014,50.5078959694642,6.08483469522383,50.3250501729403,6.17673489434758,0.0437774863333401,0.0408,2020.20467278689,2020.20765027322,5779000
64,57,0.0603545355143401,50.5078959694642,6.08483469522383,50.6581061781465,5.53818461601249,0.10115453551434,0.0408,2020.20467278689,2020.2650273224,5779000
79,80,4.52279363500063e-05,50.6278663427523,6.08441789336362,50.4293832696124,6.22851832348483,4.52279363500063e-05,0,2020.22393755895,2020.22398278689,5779000
79,82,0.000575227936399997,50.6278663427523,6.08441789336362,50.6270743229765,6.08292935849617,0.000575227936399997,0,2020.22393755895,2020.22451278689,5779000
80,65,6.09289594916407e-05,50.4293832696124,6.22851832348483,50.4292836755579,6.22913096886246,0.000106156895841647,4.52279363500063e-05,2020.22398278689,2020.22404371585,5779000
80,81,0.0511,50.4293832696124,6.22851832348483,50.5421344487963,6.21325575895725,0.05114522793635,4.52279363500063e-05,2020.22398278689,2020.27508278689,5779000
81,66,0.0336603825077216,50.5421344487963,6.21325575895725,50.5760551386954,6.20320530981395,0.0848056104440716,0.05114522793635,2020.27508278689,2020.3087431694,5779000
81,67,0.0172669398877216,50.5421344487963,6.21325575895725,50.5756903922972,6.18511281514974,0.0684121678240716,0.05114522793635,2020.27508278689,2020.29234972678,5779000
82,83,0.02908,50.6270743229765,6.08292935849617,50.7126688299037,6.00891408463225,0.0296552279364,0.000575227936399997,2020.22451278689,2020.25359278689,5779000
82,68,0.0842303825077216,50.6270743229765,6.08292935849617,50.5850087437836,6.12510510232113,0.0848056104441216,0.000575227936399997,2020.22451278689,2020.3087431694,5779000
83,84,0.00318,50.7126688299037,6.00891408463225,50.7161570571667,6.00463272666471,0.0328352279364,0.0296552279364,2020.25359278689,2020.25677278689,5779000
83,85,0.003,50.7126688299037,6.00891408463225,50.7083168977971,6.00557167587176,0.0326552279364,0.0296552279364,2020.25359278689,2020.25659278689,5779000
84,69,5.78142052316405e-05,50.7161570571667,6.00463272666471,50.7377417066658,6.01686930051245,0.0328930421416316,0.0328352279364,2020.25677278689,2020.25683060109,5779000
84,70,5.78142052316405e-05,50.7161570571667,6.00463272666471,50.7157629214018,6.00495931853983,0.0328930421416316,0.0328352279364,2020.25677278689,2020.25683060109,5779000
85,71,0.00297005464272164,50.7083168977971,6.00557167587176,50.7030277289119,5.99606881041456,0.0356252825791216,0.0326552279364,2020.25659278689,2020.25956284153,5779000
85,86,0.00291,50.7083168977971,6.00557167587176,50.7103910572607,6.00577528598957,0.0355652279364,0.0326552279364,2020.25659278689,2020.25950278689,5779000
86,72,6.00546423616399e-05,50.7103910572607,6.00577528598957,50.3867122284022,6.30584977417688,0.0356252825787616,0.0355652279364,2020.25950278689,2020.25956284153,5779000
86,87,0.03279,50.7103910572607,6.00577528598957,50.7482256470909,5.98967200167757,0.0683552279364,0.0355652279364,2020.25950278689,2020.29229278689,5779000
87,88,0.01067,50.7482256470909,5.98967200167757,50.7280187969221,6.01488232112574,0.0790252279364,0.0683552279364,2020.29229278689,2020.30296278689,5779000
87,73,5.69398883216443e-05,50.7482256470909,5.98967200167757,50.587055574716,6.19539564512409,0.0684121678247216,0.0683552279364,2020.29229278689,2020.29234972678,5779000
88,89,0.00278,50.7280187969221,6.01488232112574,50.7164815220438,6.01545611820337,0.0818052279364,0.0790252279364,2020.30296278689,2020.30574278689,5779000
88,74,0.00578038251172164,50.7280187969221,6.01488232112574,50.6023373302535,5.99892374782079,0.0848056104481216,0.0790252279364,2020.30296278689,2020.3087431694,5779000
89,90,0.00294,50.7164815220438,6.01545611820337,50.7341536588543,6.01322484435412,0.0847452279364,0.0818052279364,2020.30574278689,2020.30868278689,5779000
89,91,0.00294,50.7164815220438,6.01545611820337,50.7341536588543,6.01322484435412,0.0847452279364,0.0818052279364,2020.30574278689,2020.30868278689,5779000
90,75,6.03825113116435e-05,50.7341536588543,6.01322484435412,50.3273326703788,6.35944141853721,0.0848056104477116,0.0847452279364,2020.30868278689,2020.3087431694,5779000
90,76,6.03825113116435e-05,50.7341536588543,6.01322484435412,50.7420199533515,6.01691668519744,0.0848056104477116,0.0847452279364,2020.30868278689,2020.3087431694,5779000
91,77,6.03825113116435e-05,50.7341536588543,6.01322484435412,50.7257100514504,6.01008233625728,0.0848056104477116,0.0847452279364,2020.30868278689,2020.3087431694,5779000
91,78,6.03825113116435e-05,50.7341536588543,6.01322484435412,50.7425928574118,6.01807876885005,0.0848056104477116,0.0847452279364,2020.30868278689,2020.3087431694,5779000
95,92,0.0772386885100428,50.6569507687633,5.59826463163581,50.6421192182468,5.57261187471181,0.0772386885100428,0,2020.14407278689,2020.2213114754,5779000
95,96,0.05534,50.6569507687633,5.59826463163581,50.6558174996259,5.59617541946209,0.05534,0,2020.14407278689,2020.19941278689,5779000
96,93,0.0464888524500428,50.6558174996259,5.59617541946209,50.6558532951154,5.59619358140993,0.101828852450043,0.05534,2020.19941278689,2020.24590163934,5779000
96,94,4.07650172227561e-05,50.6558174996259,5.59617541946209,50.6157620406726,6.15966108225961,0.0553807650172228,0.05534,2020.19941278689,2020.19945355191,5779000
100,99,0.00562640426459256,50.4945333772667,5.89882940901191,50.4692040332372,5.86399610052896,0.00562640426459256,0,2020.25940091814,2020.26502732241,5779000
100,101,0.000121868740699999,50.4945333772667,5.89882940901191,50.494423490922,5.89877814643639,0.000121868740699999,0,2020.25940091814,2020.25952278689,5779000
101,97,4.00546492325682e-05,50.494423490922,5.89877814643639,50.4944941127846,5.89884770600644,0.000161923389932567,0.000121868740699999,2020.25952278689,2020.25956284153,5779000
101,98,0.0984007103845926,50.494423490922,5.89877814643639,50.5690995528314,5.85625781982298,0.0985225791252926,0.000121868740699999,2020.25952278689,2020.35792349727,5779000
112,102,0.09041453552,50.813025041953,4.32408588310801,50.8598868024976,4.33920153563424,0.09041453552,0,2020.17461278688,2020.2650273224,5779000
112,113,0.00294,50.813025041953,4.32408588310801,50.5929847462013,6.16866346277474,0.00294,0,2020.17461278688,2020.17755278688,5779000
113,103,4.28415299399965e-05,50.5929847462013,6.16866346277474,50.702909981201,5.74958315993052,0.00298284152993999,0.00294,2020.17755278688,2020.17759562841,5779000
113,114,0.0072,50.5929847462013,6.16866346277474,50.6708718685073,5.80655541734588,0.01014,0.00294,2020.17755278688,2020.18475278688,5779000
114,115,0.00337,50.6708718685073,5.80655541734588,50.6700530644248,5.81353597043937,0.01351,0.01014,2020.18475278688,2020.18812278688,5779000
114,104,0.07481005464,50.6708718685073,5.80655541734588,50.3948836295856,5.93997921773435,0.08495005464,0.01014,2020.18475278688,2020.25956284152,5779000
115,116,0.00291000000000001,50.6700530644248,5.81353597043937,50.6756239762375,5.77996058144088,0.01642,0.01351,2020.18812278688,2020.19103278688,5779000
115,105,0.05231437158,50.6700530644248,5.81353597043937,50.7443458353294,4.63255520654782,0.06582437158,0.01351,2020.18812278688,2020.24043715846,5779000
116,117,0.00563999999999999,50.6756239762375,5.77996058144088,50.6008268801886,5.67912703754246,0.02206,0.01642,2020.19103278688,2020.19667278688,5779000
116,118,0.03003,50.6756239762375,5.77996058144088,50.5770117810742,6.15764679621058,0.04645,0.01642,2020.19103278688,2020.22106278688,5779000
117,106,0.005513005465,50.6008268801886,5.67912703754246,50.466373379037,6.06963033065999,0.027573005465,0.02206,2020.19667278688,2020.20218579235,5779000
117,107,4.85245900500031e-05,50.6008268801886,5.67912703754246,50.5999123651128,5.68231351848627,0.02210852459005,0.02206,2020.19667278688,2020.19672131147,5779000
118,119,0.00294,50.5770117810742,6.15764679621058,50.5929847462013,6.16866346277474,0.04939,0.04645,2020.22106278688,2020.22400278688,5779000
118,120,0.00294,50.5770117810742,6.15764679621058,50.5929847462013,6.16866346277474,0.04939,0.04645,2020.22106278688,2020.22400278688,5779000
119,108,0.005505409836,50.5929847462013,6.16866346277474,50.530327242142,5.19317820544665,0.054895409836,0.04939,2020.22400278688,2020.22950819672,5779000
119,109,4.09289617699996e-05,50.5929847462013,6.16866346277474,50.5924930473549,6.16913681364482,0.04943092896177,0.04939,2020.22400278688,2020.22404371584,5779000
120,110,4.09289617699996e-05,50.5929847462013,6.16866346277474,50.5692670766849,6.19739514038744,0.04943092896177,0.04939,2020.22400278688,2020.22404371584,5779000
120,111,4.09289617699996e-05,50.5929847462013,6.16866346277474,50.5865939688999,6.16794850947668,0.04943092896177,0.04939,2020.22400278688,2020.22404371584,5779000
125,126,0.00294,50.5918815824131,6.17292204807623,50.5925315084154,6.16966528736982,0.00294,0,2020.22106278688,2020.22400278688,5779000
125,127,0.00294,50.5918815824131,6.17292204807623,50.5925315084154,6.16966528736982,0.00294,0,2020.22106278688,2020.22400278688,5779000
126,121,0.005505409836,50.5925315084154,6.16966528736982,50.530327242142,5.19317820544665,0.008445409836,0.00294,2020.22400278688,2020.22950819672,5779000
126,122,4.09289617699996e-05,50.5925315084154,6.16966528736982,50.5924930473549,6.16913681364482,0.00298092896177,0.00294,2020.22400278688,2020.22404371585,5779000
127,123,4.09289617699996e-05,50.5925315084154,6.16966528736982,50.5692670766849,6.19739514038744,0.00298092896177,0.00294,2020.22400278688,2020.22404371585,5779000
127,124,4.09289617699996e-05,50.5925315084154,6.16966528736982,50.5865939688999,6.16794850947668,0.00298092896177,0.00294,2020.22400278688,2020.22404371585,5779000
131,128,0.05780284153,50.6277651248715,4.56102867060526,50.4296763650904,4.35070087920109,0.05780284153,0,2020.11979278689,2020.17759562842,5779000
131,132,0.02843,50.6277651248715,4.56102867060526,50.6239943805686,4.55971640232858,0.02843,0,2020.11979278689,2020.14822278689,5779000
132,129,0.01844387978,50.6239943805686,4.55971640232858,50.5241321222226,5.12078054270932,0.04687387978,0.02843,2020.14822278689,2020.16666666667,5779000
132,130,0.02117612022,50.6239943805686,4.55971640232858,50.8806315438677,4.74477484131438,0.04960612022,0.02843,2020.14822278689,2020.16939890711,5779000
141,145,0.04146947287,50.4748852686397,4.92937084199294,50.3900197310393,4.47936433796228,0.04146947287,0,2020.12969331402,2020.17116278689,5779000
141,142,8.94728730100047e-05,50.4748852686397,4.92937084199294,50.4684756885147,4.88936082841403,8.94728730100047e-05,0,2020.12969331402,2020.12978278689,5779000
142,144,0.05323,50.4684756885147,4.88936082841403,50.6305929481222,5.48161288636543,0.05331947287301,8.94728730100047e-05,2020.12978278689,2020.18301278689,5779000
142,143,0.04503,50.4684756885147,4.88936082841403,50.6194263626779,5.72410579400112,0.04511947287301,8.94728730100047e-05,2020.12978278689,2020.17481278689,5779000
143,133,0.0027828415299874,50.6194263626779,5.72410579400112,50.5840156951751,5.5088341105907,0.0479023144029974,0.04511947287301,2020.17481278689,2020.17759562842,5779000
143,134,5.0601092807398e-05,50.6194263626779,5.72410579400112,50.6195314916472,5.7258223097064,0.0451700739658174,0.04511947287301,2020.17481278689,2020.17486338798,5779000
144,135,4.73224044073711e-05,50.6305929481222,5.48161288636543,50.7014855957692,5.59641014416004,0.0533667952774174,0.05331947287301,2020.18301278689,2020.18306010929,5779000
144,136,0.0710855737699874,50.6305929481222,5.48161288636543,50.6584673040379,5.63605245889943,0.124405046642997,0.05331947287301,2020.18301278689,2020.25409836066,5779000
145,137,0.000968360655687395,50.3900197310393,4.47936433796228,50.3717944541484,4.36201061053244,0.0424378335256874,0.04146947287,2020.17116278689,2020.17213114754,5779000
145,146,0.00294,50.3900197310393,4.47936433796228,50.4259622556007,4.65984630962623,0.04440947287,0.04146947287,2020.17116278689,2020.17410278689,5779000
146,138,0.0034928415299874,50.4259622556007,4.65984630962623,50.5280143555845,5.35723547503373,0.0479023143999874,0.04440947287,2020.17410278689,2020.17759562842,5779000
146,147,0.00201000000000001,50.4259622556007,4.65984630962623,50.4171844538084,4.59368988017789,0.04641947287,0.04440947287,2020.17410278689,2020.17611278689,5779000
147,139,0.00148284152998739,50.4171844538084,4.59368988017789,50.6587097266985,5.91507768859786,0.0479023143999874,0.04641947287,2020.17611278689,2020.17759562842,5779000
147,140,0.0506631693999874,50.4171844538084,4.59368988017789,50.3882478186569,4.36381668833718,0.0970826422699874,0.04641947287,2020.17611278689,2020.22677595629,5779000
154,148,0.0463285245900365,50.7115337589438,5.27951921056129,50.6600541995319,5.62727192311348,0.0463285245900365,0,2020.15039278689,2020.19672131148,5779000
154,155,0.06794,50.7115337589438,5.27951921056129,50.6759574547404,5.17355133967249,0.06794,0,2020.15039278689,2020.21833278689,5779000
155,156,0.00294,50.6759574547404,5.17355133967249,50.6397439815552,5.56370903182671,0.07088,0.06794,2020.21833278689,2020.22127278689,5779000
155,157,0.00294,50.6759574547404,5.17355133967249,50.6397439815552,5.56370903182671,0.07088,0.06794,2020.21833278689,2020.22127278689,5779000
156,149,3.86885246764501e-05,50.6397439815552,5.56370903182671,50.5665356356237,5.49929798881959,0.0709186885246764,0.07088,2020.22127278689,2020.22131147541,5779000
156,150,3.86885246764501e-05,50.6397439815552,5.56370903182671,50.6392750354366,5.55825548348796,0.0709186885246764,0.07088,2020.22127278689,2020.22131147541,5779000
157,151,3.86885246764501e-05,50.6397439815552,5.56370903182671,50.6769537040828,5.16054663851684,0.0709186885246764,0.07088,2020.22127278689,2020.22131147541,5779000
157,158,0.02186,50.6397439815552,5.56370903182671,50.473734568274,5.51773117975781,0.09274,0.07088,2020.22127278689,2020.24313278689,5779000
158,152,3.66120219164601e-05,50.473734568274,5.51773117975781,50.4763504787981,5.51704359124605,0.0927766120219165,0.09274,2020.24313278689,2020.24316939891,5779000
158,153,0.0164300546400365,50.473734568274,5.51773117975781,50.8182326468552,4.38050433236985,0.109170054640036,0.09274,2020.24313278689,2020.25956284153,5779000
163,162,0.071509144742933,50.5719907488572,5.58676610932139,50.5637713474039,5.57334365854413,0.071509144742933,0,2020.19078593723,2020.26229508197,5779000
163,164,0.000166849652900009,50.5719907488572,5.58676610932139,50.5711676880397,5.58501731273458,0.000166849652900009,0,2020.19078593723,2020.19095278688,5779000
164,159,0.054948852472933,50.5711676880397,5.58501731273458,50.6680284146429,5.76408462703981,0.055115702125833,0.000166849652900009,2020.19095278688,2020.24590163935,5779000
164,165,0.03305,50.5711676880397,5.58501731273458,50.6759520636514,4.48823168425524,0.0332168496529,0.000166849652900009,2020.19095278688,2020.22400278688,5779000
165,160,4.09289747029529e-05,50.6759520636514,4.48823168425524,50.6759662788201,4.48827041838522,0.033257778627603,0.0332168496529,2020.22400278688,2020.22404371585,5779000
165,161,4.09289747029529e-05,50.6759520636514,4.48823168425524,50.6791645825611,4.23306211202629,0.033257778627603,0.0332168496529,2020.22400278688,2020.22404371585,5779000
169,166,0.0597101180807848,50.5304424349784,5.80249438857714,50.722141798141,5.99908490585982,0.0597101180807848,0,2020.19438824259,2020.25409836067,5779000
169,170,0.000388476369099999,50.5304424349784,5.80249438857714,50.5304391269121,5.80278031478649,0.000388476369099999,0,2020.19438824259,2020.19477671896,5779000
170,167,0.0593216417107848,50.5304391269121,5.80278031478649,50.5290061325505,5.8137260609179,0.0597101180798848,0.000388476369099999,2020.19477671896,2020.25409836067,5779000
170,168,0.163146778310785,50.5304391269121,5.80278031478649,50.5675654855428,5.46205216831074,0.163535254679885,0.000388476369099999,2020.19477671896,2020.35792349727,5779000
176,171,9.18033227553794e-06,50.5499578911803,5.18463642756445,50.5505145526038,5.18642289734062,9.18033227553794e-06,0,2020.29507278688,2020.29508196721,28895000
176,177,0.05171,50.5499578911803,5.18463642756445,50.6685299018309,5.55445690251084,0.05171,0,2020.29507278688,2020.34678278688,28895000
177,178,0.00567,50.6685299018309,5.55445690251084,50.660476411232,5.53407003649835,0.05738,0.05171,2020.34678278688,2020.35245278688,28895000
177,179,0.00294,50.6685299018309,5.55445690251084,50.6396394532248,5.66240153267812,0.05465,0.05171,2020.34678278688,2020.34972278688,28895000
178,172,6.2295126075293e-06,50.660476411232,5.53407003649835,50.6998103639018,5.4807637269189,0.0573862295126075,0.05738,2020.35245278688,2020.35245901639,28895000
178,173,6.2295126075293e-06,50.660476411232,5.53407003649835,50.6605450781299,5.53439091955105,0.0573862295126075,0.05738,2020.35245278688,2020.35245901639,28895000
179,174,0.00820071038754453,50.6396394532248,5.66240153267812,50.5328807848061,5.47408760674425,0.0628507103875445,0.05465,2020.34972278688,2020.35792349727,28895000
179,175,3.9890754805344e-06,50.6396394532248,5.66240153267812,50.6395965632773,5.66230342863797,0.0546539890754805,0.05465,2020.34972278688,2020.34972677596,28895000
183,182,0.002942841529942,50.6692719159229,5.60059136994627,50.6185042704242,5.41064991468672,0.002942841529942,0,2020.17465278689,2020.17759562842,5779000
183,184,0.00294,50.6692719159229,5.60059136994627,50.6665628839851,5.61901740485955,0.00294,0,2020.17465278689,2020.17759278689,5779000
184,180,2.84152988399991e-06,50.6665628839851,5.61901740485955,50.4984309220098,5.82776741923671,0.002942841529884,0.00294,2020.17759278689,2020.17759562842,5779000
184,181,2.84152988399991e-06,50.6665628839851,5.61901740485955,50.666512991704,5.61888349229498,0.002942841529884,0.00294,2020.17759278689,2020.17759562842,5779000
202,206,0.00566999999999999,50.3425784092711,5.21805612065907,50.3793036769226,5.14145238573838,0.00566999999999999,0,2020.16918278688,2020.17485278688,5779000
202,203,0.00294,50.3425784092711,5.21805612065907,50.5624875044815,5.53621315008678,0.00294,0,2020.16918278688,2020.17212278688,5779000
203,185,8.3606593163088e-06,50.5624875044815,5.53621315008678,51.0485423273775,4.12960375712546,0.00294836065931631,0.00294,2020.17212278688,2020.17213114754,5779000
203,204,0.04624,50.5624875044815,5.53621315008678,50.5487117308536,5.58818910833573,0.04918,0.00294,2020.17212278688,2020.21836278688,5779000
204,186,0.00294868852862731,50.5487117308536,5.58818910833573,50.5261671894619,5.44502590663282,0.0521286885286273,0.04918,2020.21836278688,2020.22131147541,5779000
204,205,0.00294,50.5487117308536,5.58818910833573,50.5624875044815,5.53621315008678,0.05212,0.04918,2020.21836278688,2020.22130278688,5779000
205,187,8.68852826930999e-06,50.5624875044815,5.53621315008678,50.5627940713523,5.53162469827979,0.0521286885282693,0.05212,2020.22130278688,2020.22131147541,5779000
205,188,0.0164021311536273,50.5624875044815,5.53621315008678,50.8457260509122,4.52638738025212,0.0685221311536273,0.05212,2020.22130278688,2020.23770491804,5779000
206,189,1.06010964473074e-05,50.3793036769226,5.14145238573838,50.3789806128034,5.1400941638518,0.0056806010964473,0.00566999999999999,2020.17485278688,2020.17486338798,5779000
206,207,0.01072,50.3793036769226,5.14145238573838,50.5217349111944,5.53103247944248,0.01639,0.00566999999999999,2020.17485278688,2020.18557278688,5779000
207,190,0.0275419672136273,50.5217349111944,5.53103247944248,50.4921251135385,5.55153911830804,0.0439319672136273,0.01639,2020.18557278688,2020.2131147541,5779000
207,208,0.01361,50.5217349111944,5.53103247944248,50.5049563575665,5.49162156770401,0.03,0.01639,2020.18557278688,2020.19918278688,5779000
208,209,0.01912,50.5049563575665,5.49162156770401,50.6086136535263,5.72843309386983,0.04912,0.03,2020.19918278688,2020.21830278688,5779000
208,213,0.01656,50.5049563575665,5.49162156770401,50.6005882373604,5.52992952591556,0.04656,0.03,2020.19918278688,2020.21574278688,5779000
209,210,0.00278,50.6086136535263,5.72843309386983,50.6282335569427,6.06888054756846,0.0519,0.04912,2020.21830278688,2020.22108278688,5779000
209,212,0.0219,50.6086136535263,5.72843309386983,50.6252329377838,5.65478300103721,0.07102,0.04912,2020.21830278688,2020.24020278688,5779000
210,211,0.00294,50.6282335569427,6.06888054756846,50.5624875044815,5.53621315008678,0.05484,0.0519,2020.22108278688,2020.22402278688,5779000
210,191,0.00296092896562731,50.6282335569427,6.06888054756846,50.6183734367081,6.18179476960672,0.0548609289656273,0.0519,2020.22108278688,2020.22404371585,5779000
211,193,0.0191466120236273,50.5624875044815,5.53621315008678,50.4625830710057,5.55952837728104,0.0739866120236273,0.05484,2020.22402278688,2020.24316939891,5779000
211,192,2.09289653973072e-05,50.5624875044815,5.53621315008678,50.6298898234846,6.08045335438085,0.0548609289653973,0.05484,2020.22402278688,2020.22404371585,5779000
212,194,0.00296661202562731,50.6252329377838,5.65478300103721,50.4863625375144,5.58431402927158,0.0739866120256273,0.07102,2020.24020278688,2020.24316939891,5779000
212,195,0.00296661202562731,50.6252329377838,5.65478300103721,50.6266041415478,5.66121252504284,0.0739866120256273,0.07102,2020.24020278688,2020.24316939891,5779000
213,214,0.02174,50.6005882373604,5.52992952591556,50.6261086511765,5.64307419776616,0.0683,0.04656,2020.21574278688,2020.23748278688,5779000
213,196,0.0383555737736273,50.6005882373604,5.52992952591556,50.6061828498463,5.4421626833963,0.0849155737736273,0.04656,2020.21574278688,2020.25409836066,5779000
214,215,0.01639,50.6261086511765,5.64307419776616,50.6314353489826,5.58458719723684,0.08469,0.0683,2020.23748278688,2020.25387278688,5779000
214,217,0.00545999999999999,50.6261086511765,5.64307419776616,50.6236777294936,5.63669916887081,0.07376,0.0683,2020.23748278688,2020.24294278688,5779000
215,197,0.0029578142116273,50.6314353489826,5.58458719723684,50.6143978698341,5.4940185807809,0.0876478142116273,0.08469,2020.25387278688,2020.2568306011,5779000
215,216,0.00294,50.6314353489826,5.58458719723684,50.5624875044815,5.53621315008678,0.08763,0.08469,2020.25387278688,2020.25681278688,5779000
216,198,1.7814211137307e-05,50.5624875044815,5.53621315008678,50.6277216619759,5.65949355845186,0.0876478142111373,0.08763,2020.25681278688,2020.2568306011,5779000
216,199,0.00548229508562731,50.5624875044815,5.53621315008678,50.6013698134109,5.53354606737951,0.0931122950856273,0.08763,2020.25681278688,2020.26229508197,5779000
217,200,0.00295885246262731,50.6236777294936,5.63669916887081,50.6207120931427,5.64254201457805,0.0767188524626273,0.07376,2020.24294278688,2020.24590163935,5779000
217,201,0.0166200546436273,50.6236777294936,5.63669916887081,50.6451410306837,5.35671124164914,0.0903800546436273,0.07376,2020.24294278688,2020.25956284153,5779000
221,218,0.00295781421393667,50.6061513476642,5.46093481107848,50.6143978698341,5.4940185807809,0.00295781421393667,0,2020.25387278688,2020.2568306011,5779000
221,222,0.00294,50.6061513476642,5.46093481107848,50.6278527526323,5.66062112123616,0.00294,0,2020.25387278688,2020.25681278688,5779000
222,219,1.78142134466732e-05,50.6278527526323,5.66062112123616,50.6277216619759,5.65949355845186,0.00295781421344667,0.00294,2020.25681278688,2020.2568306011,5779000
222,220,0.00548229508793667,50.6278527526323,5.66062112123616,50.6013698134109,5.53354606737951,0.00842229508793667,0.00294,2020.25681278688,2020.26229508197,5779000
227,223,0.05064333333,50.8339747477282,2.84754017531255,50.8340569669118,2.84870744039106,0.05064333333,0,2020.20072278689,2020.25136612022,5779000
227,228,0.02875,50.8339747477282,2.84754017531255,51.3186276301869,3.13655853925554,0.02875,0,2020.20072278689,2020.22947278689,5779000
228,224,3.54098360199999e-05,51.3186276301869,3.13655853925554,51.3186287312279,3.13655729844734,0.02878540983602,0.02875,2020.22947278689,2020.22950819673,5779000
228,229,0.0082,51.3186276301869,3.13655853925554,50.8498721393976,3.59043214566064,0.03695,0.02875,2020.22947278689,2020.23767278689,5779000
229,225,3.21311473999997e-05,50.8498721393976,3.59043214566064,50.8498028648138,3.59038851161805,0.0369821311474,0.03695,2020.23767278689,2020.23770491804,5779000
229,226,0.008228852459,50.8498721393976,3.59043214566064,50.5230296991399,5.44516161573195,0.045178852459,0.03695,2020.23767278689,2020.24590163935,5779000
235,234,0.0767763544560485,51.4081279756095,4.78739762659248,51.3191152826736,4.46951409618361,0.0767763544560485,0,2020.16912528488,2020.24590163934,28895000
235,236,0.000327501999999993,51.4081279756095,4.78739762659248,51.4065119244828,4.78735282243747,0.000327501999999993,0,2020.16912528488,2020.16945278688,28895000
236,233,0.0463942076460485,51.4065119244828,4.78735282243747,51.3797682020962,4.77409660864857,0.0467217096460485,0.000327501999999993,2020.16945278688,2020.21584699453,28895000
236,237,0.06001,51.4065119244828,4.78735282243747,51.1689758001381,4.63750306252471,0.060337502,0.000327501999999993,2020.16945278688,2020.22946278688,28895000
237,230,4.54098320685076e-05,51.1689758001381,4.63750306252471,50.3845981378666,4.58821994804288,0.0603829118320685,0.060337502,2020.22946278688,2020.22950819672,28895000
237,238,0.01086,51.1689758001381,4.63750306252471,51.1701308290024,4.63584901511584,0.071197502,0.060337502,2020.22946278688,2020.24032278688,28895000
238,231,0.00011437158084851,51.1701308290024,4.63584901511584,51.1715965234056,4.63544076335145,0.0713118735808485,0.071197502,2020.24032278688,2020.24043715846,28895000
238,232,0.00284661201804851,51.1701308290024,4.63584901511584,51.1329769245972,4.67282580785192,0.0740441140180485,0.071197502,2020.24032278688,2020.2431693989,28895000
244,243,0.0967747726675596,50.6135988004068,5.40409309406278,50.6055594534458,5.39111481080688,0.0967747726675596,0,2020.16825254973,2020.2650273224,5779000
244,245,0.000260237157400006,50.6135988004068,5.40409309406278,50.6136927861278,5.41432887445006,0.000260237157400006,0,2020.16825254973,2020.16851278689,5779000
245,239,0.0910500546275596,50.6136927861278,5.41432887445006,50.5644907638333,5.83377120324995,0.0913102917849596,0.000260237157400006,2020.16851278689,2020.25956284152,5779000
245,246,0.0744,50.6136927861278,5.41432887445006,50.6198598484678,5.43882958010145,0.0746602371574,0.000260237157400006,2020.16851278689,2020.24291278689,5779000
246,240,0.000256612009459617,50.6198598484678,5.43882958010145,50.3223048484,5.99597062557891,0.0749168491668596,0.0746602371574,2020.24291278689,2020.2431693989,5779000
246,247,0.00294,50.6198598484678,5.43882958010145,50.6190707860983,5.43580821053716,0.0776002371574,0.0746602371574,2020.24291278689,2020.24585278689,5779000
247,241,0.0164422950675596,50.6190707860983,5.43580821053716,50.6271322267042,5.59539996797603,0.0940425322249596,0.0776002371574,2020.24585278689,2020.26229508196,5779000
247,242,4.88524465696166e-05,50.6190707860983,5.43580821053716,50.6191433439467,5.43583414912703,0.0776490896039696,0.0776002371574,2020.24585278689,2020.24590163934,5779000
263,266,0.000101990240599981,50.905466563145,5.05200462288158,50.9081056854204,5.0500956483246,0.000101990240599981,0,2020.13812079667,2020.13822278691,5779000
263,264,0.000101990240599981,50.905466563145,5.05200462288158,50.9081056854204,5.0500956483246,0.000101990240599981,0,2020.13812079667,2020.13822278691,5779000
264,248,0.104946611980112,50.9081056854204,5.0500956483246,50.8446204024933,4.99621595812312,0.105048602220712,0.000101990240599981,2020.13822278691,2020.24316939889,5779000
264,265,0.13366,50.9081056854204,5.0500956483246,51.2467541126572,4.72215581808578,0.1337619902406,0.000101990240599981,2020.13822278691,2020.27188278691,5779000
265,249,0.0723795081801121,51.2467541126572,4.72215581808578,50.5931727573146,3.95211461937487,0.206141498420712,0.1337619902406,2020.27188278691,2020.34426229509,5779000
265,250,0.0751117486101121,51.2467541126572,4.72215581808578,51.2352935720704,4.74641554084685,0.208873738850712,0.1337619902406,2020.27188278691,2020.34699453552,5779000
266,251,0.0885531693801122,50.9081056854204,5.0500956483246,51.0612552351194,5.18129069726626,0.0886551596207121,0.000101990240599981,2020.13822278691,2020.22677595629,5779000
266,267,0.04062,50.9081056854204,5.0500956483246,50.9096934928539,4.98966668511422,0.0407219902406,0.000101990240599981,2020.13822278691,2020.17884278691,5779000
267,268,0.00304000000000004,50.9096934928539,4.98966668511422,50.9146918140388,4.97415076565477,0.0437619902406,0.0407219902406,2020.17884278691,2020.18188278691,5779000
267,252,0.0506654098201122,50.9096934928539,4.98966668511422,50.821632735808,4.62062919481507,0.0913874000607121,0.0407219902406,2020.17884278691,2020.22950819673,5779000
268,271,0.02299,50.9146918140388,4.97415076565477,50.8846636551912,4.91439991521539,0.0667519902406,0.0437619902406,2020.18188278691,2020.20487278691,5779000
268,269,0.05296638545,50.9146918140388,4.97415076565477,50.5396336690888,5.46581887518444,0.0967283756906,0.0437619902406,2020.18188278691,2020.23484917236,5779000
269,270,7.36145452899933e-05,50.5396336690888,5.46581887518444,50.5419732942902,5.43883019533406,0.09680199023589,0.0967283756906,2020.23484917236,2020.23492278691,5779000
269,255,0.0110524669801121,50.5396336690888,5.46581887518444,50.5540794337646,5.43529377499747,0.107780842670712,0.0967283756906,2020.23484917236,2020.24590163934,5779000
270,253,4.98906903821511e-05,50.5419732942902,5.43883019533406,50.9984878227091,5.73684226374079,0.0968518809262721,0.09680199023589,2020.23492278691,2020.2349726776,5779000
270,254,0.0301045355001121,50.5419732942902,5.43883019533406,50.50699863456,5.52925756458174,0.126906525736002,0.09680199023589,2020.23492278691,2020.26502732241,5779000
271,256,0.0410288524401121,50.8846636551912,4.91439991521539,50.8911143305201,4.68201288633023,0.107780842680712,0.0667519902406,2020.20487278691,2020.24590163935,5779000
271,272,0.00819999999999999,50.8846636551912,4.91439991521539,50.8955800998499,4.98293890118935,0.0749519902406,0.0667519902406,2020.20487278691,2020.21307278691,5779000
272,257,4.1967193152137e-05,50.8955800998499,4.98293890118935,50.9710868084388,4.93222532773038,0.0749939574337521,0.0749519902406,2020.21307278691,2020.2131147541,5779000
272,273,0.01072,50.8955800998499,4.98293890118935,50.8482522951633,5.10362724988499,0.0856719902406,0.0749519902406,2020.21307278691,2020.22379278691,5779000
273,274,0.00294,50.8482522951633,5.10362724988499,50.8495469589356,5.06838137153213,0.0886119902406,0.0856719902406,2020.22379278691,2020.22673278691,5779000
273,275,0.00566999999999999,50.8482522951633,5.10362724988499,50.8001109337348,5.24349102807694,0.0913419902406,0.0856719902406,2020.22379278691,2020.22946278691,5779000
274,258,4.31693790021448e-05,50.8495469589356,5.06838137153213,50.8407523428779,5.06709968902765,0.0886551596196021,0.0886119902406,2020.22673278691,2020.22677595629,5779000
274,259,4.31693790021448e-05,50.8495469589356,5.06838137153213,50.874182398962,5.2427200764834,0.0886551596196021,0.0886119902406,2020.22673278691,2020.22677595629,5779000
275,260,4.54098161321442e-05,50.8001109337348,5.24349102807694,50.8071906732129,5.24082913946331,0.0913874000567321,0.0913419902406,2020.22946278691,2020.22950819673,5779000
275,276,0.01093,50.8001109337348,5.24349102807694,50.8092035753107,5.2136303929003,0.1022719902406,0.0913419902406,2020.22946278691,2020.24039278691,5779000
276,261,0.0246345355001122,50.8092035753107,5.2136303929003,50.9367247803297,5.22799527601528,0.126906525740712,0.1022719902406,2020.24039278691,2020.26502732241,5779000
276,262,4.43715648621446e-05,50.8092035753107,5.2136303929003,50.9007538453849,4.70707504217378,0.102316361805462,0.1022719902406,2020.24039278691,2020.24043715847,5779000
284,277,0.0569881186895,51.0510171497503,4.98149063728989,51.0585562475152,5.04139886810748,0.0569881186895,0,2020.18618128022,2020.24316939891,5779000
284,285,0.000503052210500003,51.0510171497503,4.98149063728989,51.0519413319023,4.97950693870211,0.000503052210500003,0,2020.18618128022,2020.18668433243,5779000
285,286,0.03433845446,51.0519413319023,4.97950693870211,51.0420554970266,3.75223102115158,0.0348415066705,0.000503052210500003,2020.18668433243,2020.22102278689,5779000
285,283,0.0564850664795,51.0519413319023,4.97950693870211,50.9535597882783,4.78541777078954,0.05698811869,0.000503052210500003,2020.18668433243,2020.24316939891,5779000
286,287,0.00571,51.0420554970266,3.75223102115158,51.0514469669417,3.74778551253047,0.0405515066705,0.0348415066705,2020.22102278689,2020.22673278689,5779000
286,289,0.00823,51.0420554970266,3.75223102115158,51.0394412624727,3.73152569319043,0.0430715066705,0.0348415066705,2020.22102278689,2020.22925278689,5779000
287,278,4.31693983899903e-05,51.0514469669417,3.74778551253047,51.0646205238717,3.69486148505592,0.04059467606889,0.0405515066705,2020.22673278689,2020.22677595629,5779000
287,288,0.01093,51.0514469669417,3.74778551253047,51.0294225722911,3.94174520983821,0.0514815066705,0.0405515066705,2020.22673278689,2020.23766278689,5779000
288,279,4.2131146899993e-05,51.0294225722911,3.94174520983821,50.9036047638625,4.43665173382546,0.0515236378174,0.0514815066705,2020.23766278689,2020.23770491804,5779000
288,280,0.00277437158449999,51.0294225722911,3.94174520983821,51.0325247767335,3.922481252155,0.054255878255,0.0514815066705,2020.23766278689,2020.24043715847,5779000
289,281,0.0139166120195,51.0394412624727,3.73152569319043,51.0362111029675,3.74903624339158,0.05698811869,0.0430715066705,2020.22925278689,2020.24316939891,5779000
289,282,0.0139166120195,51.0394412624727,3.73152569319043,50.6504736674873,3.97905050067905,0.05698811869,0.0430715066705,2020.22925278689,2020.24316939891,5779000
294,295,0.00294,50.8650128884248,4.71947811012651,50.9235054592111,4.84200583318295,0.00294,0,2020.16368278689,2020.16662278689,5779000
294,296,0.01114,50.8650128884248,4.71947811012651,50.8497925324768,4.69615158588648,0.01114,0,2020.16368278689,2020.17482278689,5779000
295,290,4.38797800742536e-05,50.9235054592111,4.84200583318295,50.9237116981134,4.84270562344407,0.00298387978007425,0.00294,2020.16662278689,2020.16666666667,5779000
295,291,4.38797800742536e-05,50.9235054592111,4.84200583318295,50.9325160381342,4.78006827825731,0.00298387978007425,0.00294,2020.16662278689,2020.16666666667,5779000
296,292,4.06010914542534e-05,50.8497925324768,4.69615158588648,50.8331030368201,3.11830119275788,0.0111806010914543,0.01114,2020.17482278689,2020.17486338798,5779000
296,293,4.06010914542534e-05,50.8497925324768,4.69615158588648,50.8475692436572,4.69476998906005,0.0111806010914543,0.01114,2020.17482278689,2020.17486338798,5779000
312,313,0.000509043528400005,50.8581620778516,4.64858852733076,50.8542237359668,4.6310727921275,0.000509043528400005,0,2020.06708374338,2020.06759278691,5779000
312,317,0.05712904353,50.8581620778516,4.64858852733076,50.8239506899702,4.5797419154828,0.05712904353,0,2020.06708374338,2020.12421278691,5779000
313,297,0.175576612,50.8542237359668,4.6310727921275,51.1038277206883,3.64657367475912,0.1760856555284,0.000509043528400005,2020.06759278691,2020.24316939891,5779000
313,314,0.05766180901,50.8542237359668,4.6310727921275,50.8428408811,4.59915710260154,0.0581708525384,0.000509043528400005,2020.06759278691,2020.12525459592,5779000
314,315,0.000258190985400003,50.8428408811,4.59915710260154,50.8407648151938,4.58730910526079,0.0584290435238,0.0581708525384,2020.12525459592,2020.12551278691,5779000
314,316,0.05228819099,50.8428408811,4.59915710260154,50.8851167026143,4.75207013212037,0.1104590435284,0.0581708525384,2020.12525459592,2020.17754278691,5779000
315,298,0.0794052459,50.8407648151938,4.58730910526079,50.7536916729519,4.56780185832496,0.1378342894238,0.0584290435238,2020.12551278691,2020.20491803281,5779000
315,299,0.05208284153,50.8407648151938,4.58730910526079,50.7546954374384,3.56198642667646,0.1105118850538,0.0584290435238,2020.12551278691,2020.17759562844,5779000
316,300,0.008249562842,50.8851167026143,4.75207013212037,51.2012237251109,5.57879880522189,0.1187086063704,0.1104590435284,2020.17754278691,2020.18579234975,5779000
316,301,5.28415299400065e-05,50.8851167026143,4.75207013212037,50.8955327040308,4.66735162934841,0.11051188505834,0.1104590435284,2020.17754278691,2020.17759562844,5779000
317,302,0.05065060109,50.8239506899702,4.5797419154828,50.3921193298501,4.12063076643565,0.10777964462,0.05712904353,2020.12421278691,2020.174863388,5779000
317,318,0.01493,50.8239506899702,4.5797419154828,50.8510751030136,4.59854828499771,0.07205904353,0.05712904353,2020.12421278691,2020.13914278691,5779000
318,303,0.1012943716,50.8510751030136,4.59854828499771,51.1897092320037,5.48942486164283,0.17335341513,0.07205904353,2020.13914278691,2020.24043715851,5779000
318,319,0.01329,50.8510751030136,4.59854828499771,50.8547083264942,4.59918059546855,0.08534904353,0.07205904353,2020.13914278691,2020.15243278691,5779000
319,304,0.08527213115,50.8547083264942,4.59918059546855,50.9659239882562,5.02239305062709,0.17062117468,0.08534904353,2020.15243278691,2020.23770491806,5779000
319,320,0.00278,50.8547083264942,4.59918059546855,50.8787623757319,4.6659550695073,0.08812904353,0.08534904353,2020.15243278691,2020.15521278691,5779000
320,321,0.00285000000000001,50.8787623757319,4.6659550695073,50.8770513898022,4.6718494292264,0.09097904353,0.08812904353,2020.15521278691,2020.15806278691,5779000
320,305,0.01965060109,50.8787623757319,4.6659550695073,51.1237206911738,5.59123011971755,0.10777964462,0.08812904353,2020.15521278691,2020.174863388,5779000
321,306,0.00587163934399999,50.8770513898022,4.6718494292264,50.847213005711,4.34291234984499,0.096850682874,0.09097904353,2020.15806278691,2020.16393442626,5779000
321,322,0.00286,50.8770513898022,4.6718494292264,50.8994866144715,4.74069830929061,0.09383904353,0.09097904353,2020.15806278691,2020.16092278691,5779000
322,307,0.00574387978099999,50.8994866144715,4.74069830929061,50.898605224561,4.7131187060332,0.099582923311,0.09383904353,2020.16092278691,2020.16666666669,5779000
322,323,0.00279,50.8994866144715,4.74069830929061,50.8802386297589,4.74879293293449,0.09662904353,0.09383904353,2020.16092278691,2020.16371278691,5779000
323,308,0.01115060109,50.8802386297589,4.74879293293449,51.2701062272155,5.44438242678205,0.10777964462,0.09662904353,2020.16371278691,2020.174863388,5779000
323,324,0.0029,50.8802386297589,4.74879293293449,50.8816947902542,4.75328389639496,0.09952904353,0.09662904353,2020.16371278691,2020.16661278691,5779000
324,325,0.06831,50.8816947902542,4.75328389639496,50.8977967500372,5.4658583309809,0.16783904353,0.09952904353,2020.16661278691,2020.23492278691,5779000
324,309,5.38797814400027e-05,50.8816947902542,4.75328389639496,50.8825142352722,4.75377164292253,0.09958292331144,0.09952904353,2020.16661278691,2020.16666666669,5779000
325,310,0.00278213114699999,50.8977967500372,5.4658583309809,51.0644845026118,5.65568949929556,0.170621174677,0.16783904353,2020.23492278691,2020.23770491806,5779000
325,311,4.98907102700064e-05,50.8977967500372,5.4658583309809,50.9068361053005,5.46253837902618,0.16788893424027,0.16783904353,2020.23492278691,2020.23497267762,5779000
331,332,0.00845,50.6199177228334,5.58259826166847,50.6235005938085,5.57813641854685,0.00845,0,2020.19642278689,2020.20487278689,5779000
331,333,0.00278,50.6199177228334,5.58259826166847,50.6323348614301,5.56846448345788,0.00278,0,2020.19642278689,2020.19920278689,5779000
332,326,4.5245903342192e-05,50.6235005938085,5.57813641854685,50.6027357632064,5.61956165531554,0.00849524590334219,0.00845,2020.20487278689,2020.20491803279,5779000
332,327,0.0546900546416822,50.6235005938085,5.57813641854685,50.657158611275,5.53281228542395,0.0631400546416822,0.00845,2020.20487278689,2020.25956284153,5779000
333,328,0.0029830054666822,50.6323348614301,5.56846448345788,50.6335722090215,5.56595473065745,0.00576300546668219,0.00278,2020.19920278689,2020.20218579235,5779000
333,334,0.00294000000000001,50.6323348614301,5.56846448345788,50.6258969274723,5.58589841010308,0.00572,0.00278,2020.19920278689,2020.20214278689,5779000
334,329,4.30054662121926e-05,50.6258969274723,5.58589841010308,50.6313762447039,5.63279049506539,0.0057630054662122,0.00572,2020.20214278689,2020.20218579235,5779000
334,330,4.30054662121926e-05,50.6258969274723,5.58589841010308,50.6252422051907,5.58579708672212,0.0057630054662122,0.00572,2020.20214278689,2020.20218579235,5779000
338,337,0.0433006010867869,51.0389689759538,5.41256368016662,51.0361841818173,5.40753682016041,0.0433006010867869,0,2020.13156278688,2020.17486338797,5779000
338,339,0.04589,51.0389689759538,5.41256368016662,51.0353148054666,5.40675498221407,0.04589,0,2020.13156278688,2020.17745278688,5779000
339,335,0.00287508196378689,51.0353148054666,5.40675498221407,50.9871540651486,5.35240200892822,0.0487650819637869,0.04589,2020.17745278688,2020.18032786885,5779000
339,336,0.0110718032767869,51.0353148054666,5.40675498221407,50.9987920348733,5.33122543277211,0.0569618032767869,0.04589,2020.17745278688,2020.18852459016,5779000
347,350,0.05301996271,50.5900842905242,5.42405045175318,50.6214771762807,5.50915062299919,0.05301996271,0,2020.15985278689,2020.2128727496,5779000
347,348,0.09945,50.5900842905242,5.42405045175318,50.5715701604121,5.42988086693699,0.09945,0,2020.15985278689,2020.25930278689,5779000
348,340,0.000260054643039034,50.5715701604121,5.42988086693699,50.5719355387216,5.43189734243337,0.099710054643039,0.09945,2020.25930278689,2020.25956284153,5779000
348,349,0.00294,50.5715701604121,5.42988086693699,50.5579162023325,5.5048069041331,0.10239,0.09945,2020.25930278689,2020.26224278689,5779000
349,341,5.22950804290462e-05,50.5579162023325,5.5048069041331,50.5730648918078,5.49772614705816,0.102442295080429,0.10239,2020.26224278689,2020.26229508197,5779000
349,342,5.22950804290462e-05,50.5579162023325,5.5048069041331,50.5579092128402,5.50472300373273,0.102442295080429,0.10239,2020.26224278689,2020.26229508197,5779000
350,346,0.033028889748439,50.6214771762807,5.50915062299919,50.6302984820065,5.91792361587565,0.086048852458439,0.05301996271,2020.2128727496,2020.24590163934,5779000
350,351,0.000190037286299988,50.6214771762807,5.50915062299919,50.6217300390642,5.5099705810415,0.0532099999963,0.05301996271,2020.2128727496,2020.21306278688,5779000
351,343,5.19672114790565e-05,50.6217300390642,5.5099705810415,50.6216711116773,5.50996194376714,0.053261967207779,0.0532099999963,2020.21306278688,2020.21311475409,5779000
351,352,0.06234,50.6217300390642,5.5099705810415,50.7070430139046,5.64484830429385,0.1155499999963,0.0532099999963,2020.21306278688,2020.27540278688,5779000
352,345,0.019679180328439,50.7070430139046,5.64484830429385,50.7162938290719,5.63655680168539,0.135229180324739,0.1155499999963,2020.27540278688,2020.29508196721,5779000
352,344,0.019679180328439,50.7070430139046,5.64484830429385,50.7087336442161,5.64681272714181,0.135229180324739,0.1155499999963,2020.27540278688,2020.29508196721,5779000
358,359,0.000611301918599996,51.0532794491624,4.19301441905637,51.0523545592293,4.16286353462593,0.000611301918599996,0,2020.19430148497,2020.19491278689,5779000
358,361,0.000611301918599996,51.0532794491624,4.19301441905637,51.0523545592293,4.16286353462593,0.000611301918599996,0,2020.19430148497,2020.19491278689,5779000
359,353,0.040059890700057,51.0523545592293,4.16286353462593,50.8444767414481,2.67765658169026,0.040671192618657,0.000611301918599996,2020.19491278689,2020.23497267759,5779000
359,360,0.05365,51.0523545592293,4.16286353462593,51.0811016354905,4.30069590575326,0.0542613019186,0.000611301918599996,2020.19491278689,2020.24856278689,5779000
360,354,7.10928861870075e-05,51.0811016354905,4.30069590575326,51.0810812057926,4.30023011007593,0.054332394804787,0.0542613019186,2020.24856278689,2020.24863387978,5779000
360,355,0.019196775950057,51.0811016354905,4.30069590575326,51.1500078466477,4.28835048237744,0.073458077868657,0.0542613019186,2020.24856278689,2020.26775956284,5779000
361,356,0.067382295070057,51.0523545592293,4.16286353462593,51.0500247345026,4.2267505484295,0.067993596988657,0.000611301918599996,2020.19491278689,2020.26229508196,5779000
361,357,0.053721092890057,51.0523545592293,4.16286353462593,51.0445966928199,4.37661937550728,0.054332394808657,0.000611301918599996,2020.19491278689,2020.24863387978,5779000
367,362,0.0354454071499304,50.3466116033618,3.96282983318413,50.345697966837,3.93308605810901,0.0354454071499304,0,2020.17493710652,2020.21038251367,5779000
367,368,0.02301568036,50.3466116033618,3.96282983318413,50.4333733163877,4.30916121666378,0.02301568036,0,2020.17493710652,2020.19795278688,5779000
368,363,0.0506810929099304,50.4333733163877,4.30916121666378,50.7493831114064,2.85697291337183,0.0736967732699304,0.02301568036,2020.19795278688,2020.24863387979,5779000
368,369,0.02582,50.4333733163877,4.30916121666378,50.4338771670592,4.34510891543741,0.04883568036,0.02301568036,2020.19795278688,2020.22377278688,5779000
369,366,0.00300316940893037,50.4338771670592,4.34510891543741,50.4338011919442,4.34243362405071,0.0518388497689304,0.04883568036,2020.22377278688,2020.22677595629,5779000
369,370,0.00567,50.4338771670592,4.34510891543741,50.4052675976457,3.81905605126148,0.05450568036,0.04883568036,2020.22377278688,2020.22944278688,5779000
370,364,6.54098459503677e-05,50.4052675976457,3.81905605126148,50.4058005348727,3.82613626376432,0.0545710902059504,0.05450568036,2020.22944278688,2020.22950819673,5779000
370,365,0.0246555737799304,50.4052675976457,3.81905605126148,50.4421143768595,5.58633345656,0.0791612541399304,0.05450568036,2020.22944278688,2020.25409836066,5779000
377,378,0.000523443665199991,50.6233102333067,5.62963758539751,50.620596000226,5.62831917721327,0.000523443665199991,0,2020.1858293432,2020.18635278687,5779000
377,376,0.06826901744,50.6233102333067,5.62963758539751,50.6300874287664,5.63163978791264,0.06826901744,0,2020.1858293432,2020.25409836064,5779000
378,371,0.1715707104,50.620596000226,5.62831917721327,50.5051955969739,5.97898291632829,0.1720941540652,0.000523443665199991,2020.18635278687,2020.35792349727,5779000
378,379,0.02669,50.620596000226,5.62831917721327,50.6139217112074,5.56882643630096,0.0272134436652,0.000523443665199991,2020.18635278687,2020.21304278687,5779000
379,372,7.19672130399807e-05,50.6139217112074,5.56882643630096,50.613628900356,5.56870524799834,0.02728541087824,0.0272134436652,2020.21304278687,2020.21311475408,5779000
379,380,0.02981,50.6139217112074,5.56882643630096,50.6168477072381,5.57364537934577,0.0570234436652,0.0272134436652,2020.21304278687,2020.24285278687,5779000
380,373,0.05222918033,50.6168477072381,5.57364537934577,50.5458399442807,5.53906287911379,0.1092526239952,0.0570234436652,2020.24285278687,2020.2950819672,5779000
380,381,0.00298,50.6168477072381,5.57364537934577,50.6287112470296,5.57841113790655,0.0600034436652,0.0570234436652,2020.24285278687,2020.24583278687,5779000
381,374,0.04924918033,50.6287112470296,5.57841113790655,50.5429729501894,5.53197323131051,0.1092526239952,0.0600034436652,2020.24583278687,2020.2950819672,5779000
381,375,6.88524590100048e-05,50.6287112470296,5.57841113790655,50.6284671028717,5.57831835076791,0.06007229612421,0.0600034436652,2020.24583278687,2020.24590163933,5779000
385,384,0.00300060109282,50.4581884351324,4.04782174276212,50.4579764090899,4.04820504826707,0.00300060109282,0,2020.17186278689,2020.17486338798,5779000
385,386,0.00294,50.4581884351324,4.04782174276212,50.7666984973958,4.30433792011445,0.00294,0,2020.17186278689,2020.17480278689,5779000
386,382,6.06010926399998e-05,50.7666984973958,4.30433792011445,51.4168730485852,4.41211731478264,0.00300060109264,0.00294,2020.17480278689,2020.17486338798,5779000
386,383,6.06010926399998e-05,50.7666984973958,4.30433792011445,50.7615811708067,4.30159652698774,0.00300060109264,0.00294,2020.17480278689,2020.17486338798,5779000
396,397,0.008472832226,50.5776665199881,5.66288944514523,50.6132140333156,5.56116921334013,0.008472832226,0,2020.20177995466,2020.21025278688,5779000
396,402,0.000179994027199995,50.5776665199881,5.66288944514523,50.5623246670181,5.63152812004596,0.000179994027199995,0,2020.20177995466,2020.20195994868,5779000
397,387,0.00832644808278739,50.6132140333156,5.56116921334013,50.6043189475127,5.53740866490336,0.0167992803087874,0.008472832226,2020.21025278688,2020.21857923497,5779000
397,398,0.00282,50.6132140333156,5.56116921334013,50.6615645382067,5.60030910775853,0.011292832226,0.008472832226,2020.21025278688,2020.21307278688,5779000
398,388,4.19672088273898e-05,50.6615645382067,5.60030910775853,50.6583459530839,5.59838401532706,0.0113347994348274,0.011292832226,2020.21307278688,2020.21311475409,5779000
398,399,0.0082,50.6615645382067,5.60030910775853,50.6099765383219,5.50744450715563,0.019492832226,0.011292832226,2020.21307278688,2020.22127278688,5779000
399,400,0.01906,50.6099765383219,5.50744450715563,50.7069105513488,5.45289001648714,0.038552832226,0.019492832226,2020.22127278688,2020.24033278688,5779000
399,389,3.86885204273768e-05,50.6099765383219,5.50744450715563,50.6149981208948,5.50733616309191,0.0195315207464274,0.019492832226,2020.22127278688,2020.2213114754,5779000
400,401,0.0028,50.7069105513488,5.45289001648714,50.6960545395213,5.3903256806791,0.041352832226,0.038552832226,2020.24033278688,2020.24313278688,5779000
400,390,0.00283661201778738,50.7069105513488,5.45289001648714,50.6959049589841,5.46152870369264,0.0413894442437874,0.038552832226,2020.24033278688,2020.2431693989,5779000
401,391,0.0109655737657874,50.6960545395213,5.3903256806791,50.7229910794802,5.47370463751912,0.0523184059917874,0.041352832226,2020.24313278688,2020.25409836065,5779000
401,392,3.66120176673868e-05,50.6960545395213,5.3903256806791,50.5202216515999,5.06126512012596,0.0413894442436674,0.041352832226,2020.24313278688,2020.2431693989,5779000
402,393,0.0931220185257874,50.5623246670181,5.63152812004596,50.522842077667,5.49412086190841,0.0933020125529874,0.000179994027199995,2020.20195994868,2020.29508196721,5779000
402,403,0.000182838199200008,50.5623246670181,5.63152812004596,50.5687799063388,5.66785184587096,0.000362832226400003,0.000179994027199995,2020.20195994868,2020.20214278688,5779000
403,395,4.30054603173802e-05,50.5687799063388,5.66785184587096,50.5693307849134,5.66385764272176,0.000405837686717384,0.000362832226400003,2020.20214278688,2020.20218579234,5779000
403,394,0.0410266120157874,50.5687799063388,5.66785184587096,50.4856902625203,5.86861021567757,0.0413894442421874,0.000362832226400003,2020.20214278688,2020.2431693989,5779000
408,404,0.00297939891390979,50.8882468935696,4.72058967929256,50.8860190639568,4.70776923611088,0.00297939891390979,0,2020.15822278688,2020.1612021858,5779000
408,409,0.00287,50.8882468935696,4.72058967929256,50.8145616082447,4.36643555285182,0.00287,0,2020.15822278688,2020.16109278688,5779000
409,405,0.0137706010969098,50.8145616082447,4.36643555285182,50.8152559805364,4.35508655072906,0.0166406010969098,0.00287,2020.16109278688,2020.17486338798,5779000
409,410,0.07094,50.8145616082447,4.36643555285182,50.4026199100803,4.52920721167126,0.07381,0.00287,2020.16109278688,2020.23203278688,5779000
410,406,0.000207650280009797,50.4026199100803,4.52920721167126,50.4015993152202,4.5249298148967,0.0740176502800098,0.07381,2020.23203278688,2020.23224043716,5779000
410,407,0.0029398907169098,50.4026199100803,4.52920721167126,50.3994050971634,4.47392872974104,0.0767498907169098,0.07381,2020.23203278688,2020.2349726776,5779000
416,417,0.000593717496999997,50.609523617243,4.04114584656425,50.612332272762,4.05450741955973,0.000593717496999997,0,2020.18509906938,2020.18569278688,5779000
416,419,0.0415737175,50.609523617243,4.04114584656425,50.6115207723486,4.02692987049221,0.0415737175,0,2020.18509906938,2020.22667278688,5779000
417,413,9.95628485009267e-05,50.612332272762,4.05450741955973,50.7323189034217,3.71767494805523,0.000693280345500924,0.000593717496999997,2020.18569278688,2020.18579234973,5779000
417,418,0.0261,50.612332272762,4.05450741955973,50.6156009382994,4.04027534330455,0.026693717497,0.000593717496999997,2020.18569278688,2020.21179278688,5779000
418,411,0.0149831694069509,50.6156009382994,4.04027534330455,50.6368085182399,3.99458805973524,0.0416768869039509,0.026693717497,2020.21179278688,2020.22677595629,5779000
418,412,0.0177154098469509,50.6156009382994,4.04027534330455,50.8335495177886,4.86939865500712,0.0444091273439509,0.026693717497,2020.21179278688,2020.22950819673,5779000
419,414,0.000103169405850922,50.6115207723486,4.02692987049221,50.6115697529232,4.0272814158555,0.0416768869058509,0.0415737175,2020.22667278688,2020.22677595629,5779000
419,415,0.0137643715869509,50.6115207723486,4.02692987049221,50.6106600075017,3.83589393809733,0.0553380890869509,0.0415737175,2020.22667278688,2020.24043715847,5779000
446,447,0.001120745029,50.5891673241476,5.48604279212702,50.5845880205345,5.468123285331,0.001120745029,0,2020.11770381934,2020.11882456436,5779000
446,445,0.109072136999618,50.5891673241476,5.48604279212702,50.6015269351889,5.92308003144051,0.109072136999618,0,2020.11770381934,2020.22677595633,5779000
447,448,0.0005982225259,50.5845880205345,5.468123285331,50.5857461217496,5.46665343076574,0.0017189675549,0.001120745029,2020.11882456436,2020.11942278689,5779000
447,469,0.05483822253,50.5845880205345,5.468123285331,50.6142735616747,5.60994533661181,0.055958967559,0.001120745029,2020.11882456436,2020.17366278689,5779000
448,468,0.14829,50.5857461217496,5.46665343076574,50.5568509035658,5.48162342255084,0.1500089675549,0.0017189675549,2020.11942278689,2020.26771278689,5779000
448,449,0.02316893017,50.5857461217496,5.46665343076574,50.5971385819961,5.59076967232211,0.0248878977249,0.0017189675549,2020.11942278689,2020.14259171706,5779000
449,420,0.0322716709196176,50.5971385819961,5.59076967232211,50.5260610215677,5.51735288951639,0.0571595686445175,0.0248878977249,2020.14259171706,2020.17486338798,5779000
449,450,0.000597232514900015,50.5971385819961,5.59076967232211,50.6048204094509,5.6313822544115,0.0254851302398,0.0248878977249,2020.14259171706,2020.14318894957,5779000
450,451,0.01694383732,50.6048204094509,5.6313822544115,50.6356485409801,5.86419235685768,0.0424289675598,0.0254851302398,2020.14318894957,2020.16013278689,5779000
450,462,0.000109576117099996,50.6048204094509,5.6313822544115,50.599976378976,5.62314827396679,0.0255947063569,0.0254851302398,2020.14318894957,2020.14329852569,5779000
451,452,0.05294,50.6356485409801,5.86419235685768,50.6235488754743,5.70221264025273,0.0953689675598,0.0424289675598,2020.16013278689,2020.21307278689,5779000
451,453,0.00291,50.6356485409801,5.86419235685768,50.6381670092757,5.62356610649041,0.0453389675598,0.0424289675598,2020.16013278689,2020.16304278689,5779000
452,421,0.0410255737696175,50.6235488754743,5.70221264025273,50.4865830365682,5.63012372511711,0.136394541329418,0.0953689675598,2020.21307278689,2020.25409836066,5779000
452,422,4.19672126575343e-05,50.6235488754743,5.70221264025273,50.6241121177962,5.70549372058775,0.0954109347724575,0.0953689675598,2020.21307278689,2020.21311475411,5779000
453,423,0.0118206010896175,50.6381670092757,5.62356610649041,50.6298994115576,5.84565599158373,0.0571595686494175,0.0453389675598,2020.16304278689,2020.17486338798,5779000
453,454,0.00613000000000002,50.6381670092757,5.62356610649041,50.6321761448309,5.77519495348092,0.0514689675598,0.0453389675598,2020.16304278689,2020.16917278689,5779000
454,424,0.0029583606556175,50.6321761448309,5.77519495348092,50.8532149039619,4.81460521169584,0.0544273282154175,0.0514689675598,2020.16917278689,2020.17213114755,5779000
454,455,0.00278999999999999,50.6321761448309,5.77519495348092,50.6408106678955,5.81863969304521,0.0542589675598,0.0514689675598,2020.16917278689,2020.17196278689,5779000
455,425,0.00290060109261753,50.6408106678955,5.81863969304521,50.6839243162896,5.22558271547523,0.0571595686524175,0.0542589675598,2020.17196278689,2020.17486338799,5779000
455,456,0.00284999999999999,50.6408106678955,5.81863969304521,50.6411263745034,5.83604070752347,0.0571089675598,0.0542589675598,2020.17196278689,2020.17481278689,5779000
456,426,5.06010924375411e-05,50.6411263745034,5.83604070752347,50.6413843422711,5.83273407055836,0.0571595686522375,0.0571089675598,2020.17481278689,2020.17486338799,5779000
456,457,0.01769,50.6411263745034,5.83604070752347,50.6573144361048,5.65141577070769,0.0747989675598,0.0571089675598,2020.17481278689,2020.19250278689,5779000
457,458,0.01219,50.6573144361048,5.65141577070769,50.6501323096423,5.64575490962744,0.0869889675598,0.0747989675598,2020.19250278689,2020.20469278689,5779000
457,427,0.0506666120196175,50.6573144361048,5.65141577070769,50.4702250598934,4.73607523968705,0.125465579579418,0.0747989675598,2020.19250278689,2020.24316939891,5779000
458,428,0.00295748633861753,50.6501323096423,5.64575490962744,50.4939087132637,5.03666872540343,0.0899464538984175,0.0869889675598,2020.20469278689,2020.20765027323,5779000
458,459,0.00291,50.6501323096423,5.64575490962744,50.6381670092757,5.62356610649041,0.0898989675598,0.0869889675598,2020.20469278689,2020.20760278689,5779000
459,429,4.74863383975455e-05,50.6381670092757,5.62356610649041,50.6358922324603,5.61084694188374,0.0899464538981976,0.0898989675598,2020.20760278689,2020.20765027323,5779000
459,460,0.03272,50.6381670092757,5.62356610649041,50.6545815493712,5.61531315940926,0.1226189675598,0.0898989675598,2020.20760278689,2020.24032278689,5779000
460,430,0.00011437158441753,50.6545815493712,5.61531315940926,50.4151950768462,4.92833071126086,0.122733339144218,0.1226189675598,2020.24032278689,2020.24043715848,5779000
460,461,0.0028,50.6545815493712,5.61531315940926,50.6534072312244,5.61768542889431,0.1254189675598,0.1226189675598,2020.24032278689,2020.24312278689,5779000
461,432,0.0109755737696175,50.6534072312244,5.61768542889431,50.5814684991356,5.54851815500445,0.136394541329418,0.1254189675598,2020.24312278689,2020.25409836066,5779000
461,431,4.66120214975274e-05,50.6534072312244,5.61768542889431,50.6884706601616,5.22267433887025,0.125465579581298,0.1254189675598,2020.24312278689,2020.24316939892,5779000
462,463,0.000534261198399999,50.599976378976,5.62314827396679,50.6144976296156,5.63507287907502,0.0261289675553,0.0255947063569,2020.14329852569,2020.14383278689,5779000
462,464,0.03234702726,50.599976378976,5.62314827396679,50.6038779347233,5.53040421266364,0.0579417336169,0.0255947063569,2020.14329852569,2020.17564555295,5779000
463,434,0.121194535499618,50.6144976296156,5.63507287907502,50.4639144367276,5.71436280498793,0.147323503054918,0.0261289675553,2020.14383278689,2020.26502732239,5779000
463,433,0.208626229499618,50.6144976296156,5.63507287907502,50.6238846254935,5.59124417594656,0.234755197054918,0.0261289675553,2020.14383278689,2020.35245901639,5779000
464,465,0.000617233933700001,50.6038779347233,5.53040421266364,50.5997972253068,5.51555905004607,0.0585589675506,0.0579417336169,2020.17564555295,2020.17626278689,5779000
464,466,0.000617233933700001,50.6038779347233,5.53040421266364,50.5997972253068,5.51555905004607,0.0585589675506,0.0579417336169,2020.17564555295,2020.17626278689,5779000
465,435,0.0587098907096175,50.5997972253068,5.51555905004607,50.5676831684685,5.16262936615652,0.117268858260218,0.0585589675506,2020.17626278689,2020.2349726776,5779000
465,436,0.0368519672096175,50.5997972253068,5.51555905004607,50.5963929696684,5.59544328258155,0.0954109347602175,0.0585589675506,2020.17626278689,2020.2131147541,5779000
466,439,0.0696388524596175,50.5997972253068,5.51555905004607,50.5911760295597,5.5431868015257,0.128197820010218,0.0585589675506,2020.17626278689,2020.24590163935,5779000
466,467,0.0696,50.5997972253068,5.51555905004607,50.658636369335,5.96468355524199,0.1281589675506,0.0585589675506,2020.17626278689,2020.24586278689,5779000
467,438,3.88524586275307e-05,50.658636369335,5.96468355524199,50.6593110254898,5.97019076721355,0.128197820009228,0.1281589675506,2020.24586278689,2020.24590163934,5779000
467,437,0.0191645355196175,50.658636369335,5.96468355524199,50.6051071022431,5.68406580930371,0.147323503070218,0.1281589675506,2020.24586278689,2020.26502732241,5779000
468,441,4.67759558575309e-05,50.5568509035658,5.48162342255084,50.606422507976,5.87477299179515,0.150055743510758,0.1500089675549,2020.26771278689,2020.26775956285,5779000
468,440,4.67759558575309e-05,50.5568509035658,5.48162342255084,50.5573478384295,5.48240478528981,0.150055743510758,0.1500089675549,2020.26771278689,2020.26775956285,5779000
469,444,0.0394519672096175,50.6142735616747,5.60994533661181,50.6450209819023,5.73629849021591,0.0954109347686175,0.055958967559,2020.17366278689,2020.2131147541,5779000
469,470,0.05307,50.6142735616747,5.60994533661181,50.4465630173787,3.82136159500131,0.109028967559,0.055958967559,2020.17366278689,2020.22673278689,5779000
470,443,4.31693985075421e-05,50.4465630173787,3.82136159500131,50.4474329217262,3.81909836042174,0.109072136957508,0.109028967559,2020.22673278689,2020.22677595629,5779000
470,442,0.0137043715796175,50.4465630173787,3.82136159500131,50.4030463341391,3.90851342384927,0.122733339138618,0.109028967559,2020.22673278689,2020.24043715847,5779000
507,508,0.000403684756100003,50.6109113393086,5.52519126661037,50.6112283142009,5.5273515817248,0.000403684756100003,0,2020.14500215716,2020.14540584192,5779000
507,506,0.117292924801242,50.6109113393086,5.52519126661037,50.5468242260283,5.57019474103631,0.117292924801242,0,2020.14500215716,2020.26229508196,5779000
508,537,0.000481963377699984,50.6112283142009,5.5273515817248,50.6038733736536,5.51487191997604,0.000885648133799988,0.000403684756100003,2020.14540584192,2020.1458878053,5779000
508,509,8.92561433799843e-05,50.6112283142009,5.5273515817248,50.6112301570047,5.52632756574694,0.000492940899479988,0.000403684756100003,2020.14540584192,2020.14549509806,5779000
509,534,0.000527688818900002,50.6112301570047,5.52632756574694,50.6136069159068,5.53522426104754,0.00102062971837999,0.000492940899479988,2020.14549509806,2020.14602278688,5779000
509,510,0.02099768882,50.6112301570047,5.52632756574694,50.6007281020804,5.53098420233494,0.02149062971948,0.000492940899479988,2020.14549509806,2020.16649278688,5779000
510,511,0.05061,50.6007281020804,5.53098420233494,50.8193543161822,5.93460449438637,0.07210062971948,0.02149062971948,2020.16649278688,2020.21710278688,5779000
510,514,0.00114756124100002,50.6007281020804,5.53098420233494,50.5972532499583,5.52635989580167,0.02263819096048,0.02149062971948,2020.16649278688,2020.16764034812,5779000
511,471,0.00967316940024202,50.8193543161822,5.93460449438637,50.7599838188679,5.96816050369824,0.081773799119722,0.07210062971948,2020.21710278688,2020.22677595628,5779000
511,512,0.02554745803,50.8193543161822,5.93460449438637,50.8505486537614,5.96331902692867,0.09764808774948,0.07210062971948,2020.21710278688,2020.24265024491,5779000
512,474,0.000519153996742003,50.8505486537614,5.96331902692867,50.3159982214265,6.29367965505458,0.098167241746222,0.09764808774948,2020.24265024491,2020.24316939891,5779000
512,513,0.000472541973599999,50.8505486537614,5.96331902692867,50.7028089602722,5.47114225668035,0.09812062972308,0.09764808774948,2020.24265024491,2020.24312278688,5779000
513,473,4.66120231220057e-05,50.7028089602722,5.47114225668035,50.6035578563462,5.31196881017266,0.098167241746202,0.09812062972308,2020.24312278688,2020.24316939891,5779000
513,472,4.66120231220057e-05,50.7028089602722,5.47114225668035,50.7017939309676,5.47269748605182,0.098167241746202,0.09812062972308,2020.24312278688,2020.24316939891,5779000
514,475,0.094654733841242,50.5972532499583,5.52635989580167,50.5652532354789,5.53578298868718,0.117292924801722,0.02263819096048,2020.16764034812,2020.26229508196,5779000
514,515,0.000201248397399989,50.5972532499583,5.52635989580167,50.5981079717502,5.52970532096229,0.02283943935788,0.02263819096048,2020.16764034812,2020.16784159652,5779000
515,476,0.053469878891242,50.5981079717502,5.52970532096229,50.4318636733653,5.52881392706135,0.076309318249122,0.02283943935788,2020.16784159652,2020.22131147541,5779000
515,516,0.000281190361500011,50.5981079717502,5.52970532096229,50.5993480979984,5.53017963509692,0.02312062971938,0.02283943935788,2020.16784159652,2020.16812278688,5779000
516,517,0.02556,50.5993480979984,5.53017963509692,50.6009860514656,5.52416860914147,0.04868062971938,0.02312062971938,2020.16812278688,2020.19368278688,5779000
516,477,0.096904535521242,50.5993480979984,5.53017963509692,50.584715978374,5.50324806936257,0.120025165240622,0.02312062971938,2020.16812278688,2020.2650273224,5779000
517,518,0.00279000000000001,50.6009860514656,5.52416860914147,50.6032634871082,5.55026399345589,0.05147062971938,0.04868062971938,2020.19368278688,2020.19647278688,5779000
517,520,0.00403000000000001,50.6009860514656,5.52416860914147,50.6114286940367,5.54309245811433,0.05271062971938,0.04868062971938,2020.19368278688,2020.19771278688,5779000
518,519,0.00255490945199999,50.6032634871082,5.55026399345589,50.6054441341245,5.54657783675417,0.05402553917138,0.05147062971938,2020.19647278688,2020.19902769633,5779000
518,478,0.00298076502824199,50.6032634871082,5.55026399345589,50.5936262099933,5.53050450754526,0.054451394747622,0.05147062971938,2020.19647278688,2020.19945355191,5779000
519,480,0.014087057761242,50.6054441341245,5.54657783675417,50.618140514059,5.55893920756687,0.068112596932622,0.05402553917138,2020.19902769633,2020.21311475409,5779000
519,479,0.000425855576542011,50.6054441341245,5.54657783675417,50.6091207617125,5.56368226952776,0.054451394747922,0.05402553917138,2020.19902769633,2020.19945355191,5779000
520,521,0.04808512352,50.6114286940367,5.54309245811433,50.6374990286263,5.5133242035251,0.10079575323938,0.05271062971938,2020.19771278688,2020.2457979104,5779000
520,528,0.00688,50.6114286940367,5.54309245811433,50.6119668862359,5.54534419852378,0.05959062971938,0.05271062971938,2020.19771278688,2020.20459278688,5779000
521,488,0.049284056811242,50.6374990286263,5.5133242035251,50.7002807533014,5.61807391252696,0.150079810050622,0.10079575323938,2020.2457979104,2020.29508196721,5779000
521,522,6.48764777899935e-05,50.6374990286263,5.5133242035251,50.6259775197545,5.51695507478326,0.10086062971717,0.10079575323938,2020.2457979104,2020.24586278688,5779000
522,523,0.03013,50.6259775197545,5.51695507478326,50.6348036045224,5.6807671798187,0.13099062971717,0.10086062971717,2020.24586278688,2020.27599278688,5779000
522,487,3.88524602520091e-05,50.6259775197545,5.51695507478326,50.63128056582,5.15748039496581,0.100899482177422,0.10086062971717,2020.24586278688,2020.24590163934,5779000
523,481,0.019089180331242,50.6348036045224,5.6807671798187,50.6466843702396,5.62883449978138,0.150079810048412,0.13099062971717,2020.27599278688,2020.29508196721,5779000
523,524,0.01905,50.6348036045224,5.6807671798187,50.6889307359919,5.61670183987196,0.15004062971717,0.13099062971717,2020.27599278688,2020.29504278688,5779000
524,482,3.91803289720161e-05,50.6889307359919,5.61670183987196,50.6886429158432,5.61374706474892,0.150079810046142,0.15004062971717,2020.29504278688,2020.29508196721,5779000
524,525,0.00821,50.6889307359919,5.61670183987196,50.6871352300532,5.61860647130597,0.15825062971717,0.15004062971717,2020.29504278688,2020.30325278688,5779000
525,483,0.051938469951242,50.6871352300532,5.61860647130597,50.7054880101633,5.64830177707965,0.210189099668412,0.15825062971717,2020.30325278688,2020.35519125683,5779000
525,526,0.000782893261800005,50.6871352300532,5.61860647130597,50.6959048484636,5.67005615827401,0.15903352297897,0.15825062971717,2020.30325278688,2020.30403568014,5779000
526,527,0.000397106738200009,50.6959048484636,5.67005615827401,50.6987353486828,5.67591040151215,0.15943062971717,0.15903352297897,2020.30403568014,2020.30443278688,5779000
526,484,0.051155576681242,50.6959048484636,5.67005615827401,50.5562946236894,5.30345953839489,0.210189099660212,0.15903352297897,2020.30403568014,2020.35519125682,5779000
527,485,0.045293989071242,50.6987353486828,5.67591040151215,50.7130134556009,5.65174175553013,0.204724618788412,0.15943062971717,2020.30443278688,2020.34972677595,5779000
527,486,0.050758469951242,50.6987353486828,5.67591040151215,50.6660645454137,5.62881895416576,0.210189099668412,0.15943062971717,2020.30443278688,2020.35519125683,5779000
528,489,0.038576612021242,50.6119668862359,5.54534419852378,50.6516009025172,5.51690643845758,0.098167241740622,0.05959062971938,2020.20459278688,2020.2431693989,5779000
528,529,0.01374,50.6119668862359,5.54534419852378,50.5968274114135,5.54903921655361,0.07333062971938,0.05959062971938,2020.20459278688,2020.21833278688,5779000
529,530,0.00294,50.5968274114135,5.54903921655361,50.5966818559116,5.52777009834104,0.07627062971938,0.07333062971938,2020.21833278688,2020.22127278688,5779000
529,531,0.02186,50.5968274114135,5.54903921655361,50.6715420481804,5.41905270423599,0.09519062971938,0.07333062971938,2020.21833278688,2020.24019278688,5779000
530,491,3.86885258819858e-05,50.5966818559116,5.52777009834104,50.6710663706263,5.66782802257144,0.076309318245262,0.07627062971938,2020.22127278688,2020.22131147541,5779000
530,490,3.86885258819858e-05,50.5966818559116,5.52777009834104,50.5992070979659,5.53474182098877,0.076309318245262,0.07627062971938,2020.22127278688,2020.22131147541,5779000
531,492,0.00297661202324201,50.6715420481804,5.41905270423599,50.6943996585661,5.32515486999698,0.098167241742622,0.09519062971938,2020.24019278688,2020.2431693989,5779000
531,532,0.02186,50.6715420481804,5.41905270423599,50.6702581967917,5.5743458670882,0.11705062971938,0.09519062971938,2020.24019278688,2020.26205278688,5779000
532,495,0.002974535520242,50.6702581967917,5.5743458670882,50.0769344293735,4.93004042404083,0.120025165239622,0.11705062971938,2020.26205278688,2020.2650273224,5779000
532,533,0.00294,50.6702581967917,5.5743458670882,50.5966818559116,5.52777009834104,0.11999062971938,0.11705062971938,2020.26205278688,2020.26499278688,5779000
533,493,3.45355203620057e-05,50.5966818559116,5.52777009834104,50.677545727415,5.61083182063381,0.120025165239742,0.11999062971938,2020.26499278688,2020.2650273224,5779000
533,494,3.45355203620057e-05,50.5966818559116,5.52777009834104,50.6545688939332,5.5443983405698,0.120025165239742,0.11999062971938,2020.26499278688,2020.2650273224,5779000
534,535,0.05433,50.6136069159068,5.53522426104754,50.6174143708375,5.47290185730024,0.05535062971838,0.00102062971837999,2020.14602278688,2020.20035278688,5779000
534,499,0.110807814201242,50.6136069159068,5.53522426104754,50.6193013637291,5.71893607694222,0.111828443919622,0.00102062971837999,2020.14602278688,2020.25683060108,5779000
535,496,0.026423169401242,50.6174143708375,5.47290185730024,50.6086816062525,5.94768918752891,0.081773799119622,0.05535062971838,2020.20035278688,2020.22677595628,5779000
535,536,0.04549,50.6174143708375,5.47290185730024,50.6722066758377,5.56875072628694,0.10084062971838,0.05535062971838,2020.20035278688,2020.24584278688,5779000
536,498,5.88524602520013e-05,50.6722066758377,5.56875072628694,50.6705233218413,5.56656329064558,0.100899482178632,0.10084062971838,2020.24584278688,2020.24590163934,5779000
536,497,0.013720054641242,50.6722066758377,5.56875072628694,50.7115456555558,5.84936199507912,0.114560684359622,0.10084062971838,2020.24584278688,2020.25956284152,5779000
537,500,0.116407276701242,50.6038733736536,5.51487191997604,50.6386774326762,5.5859324885119,0.117292924835042,0.000885648133799988,2020.1458878053,2020.262295082,5779000
537,538,0.06152648848,50.6038733736536,5.51487191997604,50.6445092181789,5.53262088524065,0.0624121366138,0.000885648133799988,2020.1458878053,2020.20741429378,5779000
538,505,0.057613028631242,50.6445092181789,5.53262088524065,50.5958007357178,5.44805853452953,0.120025165245042,0.0624121366138,2020.20741429378,2020.26502732241,5779000
538,539,0.000188493109400001,50.6445092181789,5.53262088524065,50.6452709330595,5.53213279466902,0.0626006297232,0.0624121366138,2020.20741429378,2020.20760278688,5779000
539,504,4.74863400220238e-05,50.6452709330595,5.53213279466902,50.6450616505099,5.5318873136275,0.062648116063222,0.0626006297232,2020.20760278688,2020.20765027322,5779000
539,540,0.03415,50.6452709330595,5.53213279466902,50.6171834800079,5.61784169784383,0.0967506297232,0.0626006297232,2020.20760278688,2020.24175278688,5779000
540,541,0.05328,50.6171834800079,5.61784169784383,50.6426911650177,5.60780106261524,0.1500306297232,0.0967506297232,2020.24175278688,2020.29503278688,5779000
540,501,0.00414885246024201,50.6171834800079,5.61784169784383,50.6601181159216,5.65930774433316,0.100899482183442,0.0967506297232,2020.24175278688,2020.24590163934,5779000
541,503,0.057426229511242,50.6426911650177,5.60780106261524,50.6481256626264,5.59495147847984,0.207456859234442,0.1500306297232,2020.29503278688,2020.3524590164,5779000
541,502,4.91803289719983e-05,50.6426911650177,5.60780106261524,50.645596864464,5.60984916421481,0.150079810052172,0.1500306297232,2020.29503278688,2020.29508196721,5779000
545,542,4.54098357936875e-05,50.6146575136506,3.2814568154645,50.6144955945321,3.28170307739899,4.54098357936875e-05,0,2020.22946278688,2020.22950819672,5779000
545,546,0.03825,50.6146575136506,3.2814568154645,50.5327125460309,3.60997510791018,0.03825,0,2020.22946278688,2020.26771278688,5779000
546,543,4.67759560136907e-05,50.5327125460309,3.60997510791018,50.5246072017102,3.63241032451578,0.0382967759560137,0.03825,2020.26771278688,2020.26775956284,5779000
546,544,4.67759560136907e-05,50.5327125460309,3.60997510791018,50.5295570029615,3.62006142069198,0.0382967759560137,0.03825,2020.26771278688,2020.26775956284,5779000
569,570,0.03526,50.4734314213443,3.94485023289466,50.4713245033203,3.99393043605823,0.03526,0,2020.13326278689,2020.16852278689,5779000
569,576,0.05072581442,50.4734314213443,3.94485023289466,50.4764670870936,3.92782447945109,0.05072581442,0,2020.13326278689,2020.18398860131,5779000
570,547,0.0719143715848794,50.4713245033203,3.99393043605823,50.5159818680213,3.64499267561314,0.107174371584879,0.03526,2020.16852278689,2020.24043715847,5779000
570,571,0.02856290351,50.4713245033203,3.99393043605823,50.4510146037759,3.95818380771118,0.06382290351,0.03526,2020.16852278689,2020.1970856904,5779000
571,548,0.0433514680848794,50.4510146037759,3.95818380771118,50.4149741352481,3.8889811988863,0.107174371594879,0.06382290351,2020.1970856904,2020.24043715848,5779000
571,572,0.0003093594619,50.4510146037759,3.95818380771118,50.4510697013826,3.96260059862173,0.0641322629719,0.06382290351,2020.1970856904,2020.19739504986,5779000
572,573,0.000527737031200001,50.4510697013826,3.96260059862173,50.4530353280497,3.96125993360765,0.0646600000031,0.0641322629719,2020.19739504986,2020.19792278689,5779000
572,549,0.0403098681848794,50.4510697013826,3.96260059862173,50.4578074582929,3.96138431632839,0.104442131156779,0.0641322629719,2020.19739504986,2020.23770491805,5779000
573,574,0.02601,50.4530353280497,3.96125993360765,50.461014837269,3.92950790190191,0.0906700000031,0.0646600000031,2020.19792278689,2020.22393278689,5779000
573,553,0.0452466120248795,50.4530353280497,3.96125993360765,50.5390915830449,3.60972661552956,0.109906612027979,0.0646600000031,2020.19792278689,2020.24316939892,5779000
574,550,0.0137721311548794,50.461014837269,3.92950790190191,50.4676286341063,3.86339932815,0.104442131157979,0.0906700000031,2020.22393278689,2020.23770491805,5779000
574,575,0.0028,50.461014837269,3.92950790190191,50.4719497219009,3.99005297751058,0.0934700000031,0.0906700000031,2020.22393278689,2020.22673278689,5779000
575,552,0.0109721311548794,50.4719497219009,3.99005297751058,50.46301972262,4.19378823775855,0.104442131157979,0.0934700000031,2020.22673278689,2020.23770491805,5779000
575,551,4.31694037694441e-05,50.4719497219009,3.99005297751058,50.4770531251207,3.97357389185997,0.0935131694068694,0.0934700000031,2020.22673278689,2020.2267759563,5779000
576,554,0.0564485571648795,50.4764670870936,3.92782447945109,50.377032343813,3.98136225156937,0.107174371584879,0.05072581442,2020.18398860131,2020.24043715847,5779000
576,577,0.000461944770299996,50.4764670870936,3.92782447945109,50.4753502158407,3.93533319430541,0.0511877591903,0.05072581442,2020.18398860131,2020.18445054608,5779000
577,578,0.000196555379200006,50.4753502158407,3.93533319430541,50.4764569410876,3.94128624715395,0.0513843145695,0.0511877591903,2020.18445054608,2020.18464710146,5779000
577,555,0.0532543719548794,50.4753502158407,3.93533319430541,50.4608668938544,3.93491878466961,0.104442131145179,0.0511877591903,2020.18445054608,2020.23770491804,5779000
578,556,0.0530578165748794,50.4764569410876,3.94128624715395,50.402707499752,3.81722295567011,0.104442131144379,0.0513843145695,2020.18464710146,2020.23770491803,5779000
578,579,0.000435685425600005,50.4764569410876,3.94128624715395,50.4763797239346,3.93096185093382,0.0518199999951,0.0513843145695,2020.18464710146,2020.18508278689,5779000
579,580,0.00412999999999999,50.4763797239346,3.93096185093382,50.4844686943228,3.93352951012587,0.0559499999951,0.0518199999951,2020.18508278689,2020.18921278689,5779000
579,557,0.0416931694048794,50.4763797239346,3.93096185093382,50.8195055260466,4.42842805712161,0.0935131693999794,0.0518199999951,2020.18508278689,2020.22677595629,5779000
580,581,0.00386,50.4844686943228,3.93352951012587,50.4752774707416,3.93057514573441,0.0598099999951,0.0559499999951,2020.18921278689,2020.19307278689,5779000
580,558,0.0512243715848794,50.4844686943228,3.93352951012587,50.5046286865062,3.93001726956886,0.107174371579979,0.0559499999951,2020.18921278689,2020.24043715847,5779000
581,582,0.02514,50.4752774707416,3.93057514573441,50.4540471403566,3.94541210822701,0.0849499999951,0.0598099999951,2020.19307278689,2020.21821278689,5779000
581,559,0.0500966120248794,50.4752774707416,3.93057514573441,50.749097106303,4.40684610305961,0.109906612019979,0.0598099999951,2020.19307278689,2020.24316939891,5779000
582,583,0.00185,50.4540471403566,3.94541210822701,50.4481940793229,3.9711289358962,0.0867999999951,0.0849499999951,2020.21821278689,2020.22006278689,5779000
582,585,0.002818793912,50.4540471403566,3.94541210822701,50.4306505833627,3.88184350999758,0.0877687939071,0.0849499999951,2020.21821278689,2020.2210315808,5779000
583,560,0.0504290163948794,50.4481940793229,3.9711289358962,50.5849502598487,3.3888909409354,0.137229016389979,0.0867999999951,2020.22006278689,2020.27049180328,5779000
583,584,0.00668000000000001,50.4481940793229,3.9711289358962,50.4532120539098,3.97834045030331,0.0934799999951,0.0867999999951,2020.22006278689,2020.22674278689,5779000
584,562,3.3169403769448e-05,50.4532120539098,3.97834045030331,50.4532155875869,3.97787182089259,0.0935131693988694,0.0934799999951,2020.22674278689,2020.22677595629,5779000
584,561,0.00276540984087945,50.4532120539098,3.97834045030331,50.4218684151909,3.89566815632134,0.0962454098359794,0.0934799999951,2020.22674278689,2020.22950819673,5779000
585,586,0.002971206088,50.4306505833627,3.88184350999758,50.4100849350836,3.87190976935059,0.0907399999951,0.0877687939071,2020.2210315808,2020.22400278689,5779000
585,587,0.0001712060879,50.4306505833627,3.88184350999758,50.4296284733152,3.88595820632063,0.087939999995,0.0877687939071,2020.2210315808,2020.22120278688,5779000
586,564,0.00277316940387945,50.4100849350836,3.87190976935059,50.4091838166099,3.85816401579034,0.0935131693989794,0.0907399999951,2020.22400278689,2020.22677595629,5779000
586,563,4.09289666494506e-05,50.4100849350836,3.87190976935059,50.4089712892789,3.86942228583865,0.0907809289617494,0.0907399999951,2020.22400278689,2020.22404371585,5779000
587,565,0.0492890163948795,50.4296284733152,3.88595820632063,50.85339127554,4.49860924005681,0.137229016389879,0.087939999995,2020.22120278688,2020.27049180328,5779000
587,588,0.01366,50.4296284733152,3.88595820632063,50.429334502796,3.88378464455774,0.101599999995,0.087939999995,2020.22120278688,2020.23486278689,5779000
588,568,0.00284213115187945,50.429334502796,3.88378464455774,50.4148913128879,3.85358250475031,0.104442131146879,0.101599999995,2020.23486278689,2020.23770491804,5779000
588,589,0.00552999999999999,50.429334502796,3.88378464455774,50.5305430794328,3.81202394246787,0.107129999995,0.101599999995,2020.23486278689,2020.24039278688,5779000
589,567,4.43715896294439e-05,50.5305430794328,3.81202394246787,50.5336985189805,4.16746194041488,0.107174371584629,0.107129999995,2020.24039278688,2020.24043715847,5779000
589,566,4.43715896294439e-05,50.5305430794328,3.81202394246787,50.5246184127554,3.80674485834722,0.107174371584629,0.107129999995,2020.24039278688,2020.24043715847,5779000
595,590,0.0330200546399937,50.5754285994368,5.95193937675052,50.5779986291042,5.91425347775919,0.0330200546399937,0,2020.22654278689,2020.25956284153,5779000
595,596,0.02027,50.5754285994368,5.95193937675052,50.5600626363178,5.99232208868895,0.02027,0,2020.22654278689,2020.24681278689,5779000
596,591,0.0510014207599937,50.5600626363178,5.99232208868895,50.6372074090079,5.90637186678377,0.0712714207599937,0.02027,2020.24681278689,2020.29781420765,5779000
596,597,0.00723,50.5600626363178,5.99232208868895,50.5506675601242,5.98758994896691,0.0275,0.02027,2020.24681278689,2020.25404278689,5779000
597,592,5.55737703736917e-05,50.5506675601242,5.98758994896691,50.5500619542959,5.98710117707102,0.0275555737703737,0.0275,2020.25404278689,2020.25409836066,5779000
597,598,0.01093,50.5506675601242,5.98758994896691,50.5668513861629,5.85692817976109,0.03843,0.0275,2020.25404278689,2020.26497278689,5779000
598,593,5.45355191136909e-05,50.5668513861629,5.85692817976109,50.5669051547116,5.85670606849631,0.0384845355191137,0.03843,2020.26497278689,2020.26502732241,5779000
598,594,0.00278677595599369,50.5668513861629,5.85692817976109,50.5339369432409,5.8038422950054,0.0412167759559937,0.03843,2020.26497278689,2020.26775956285,5779000
603,599,0.00303748634208202,50.35401516751,3.70614742368556,50.4625908512251,3.76346203676695,0.00303748634208202,0,2020.20461278688,2020.20765027322,5779000
603,604,0.00278,50.35401516751,3.70614742368556,50.3513832590454,3.70188326100027,0.00278,0,2020.20461278688,2020.20739278688,5779000
604,600,0.00298972677908202,50.3513832590454,3.70188326100027,50.6270333678373,3.4568079093854,0.00576972677908202,0.00278,2020.20739278688,2020.21038251366,5779000
604,605,0.00294,50.3513832590454,3.70188326100027,50.3455737263731,3.70050662875294,0.00572,0.00278,2020.20739278688,2020.21033278688,5779000
605,601,4.9726778992024e-05,50.3455737263731,3.70050662875294,50.3459904555659,3.7005756047232,0.00576972677899202,0.00572,2020.21033278688,2020.21038251366,5779000
605,602,4.9726778992024e-05,50.3455737263731,3.70050662875294,50.3457466100235,3.71568862680407,0.00576972677899202,0.00572,2020.21033278688,2020.21038251366,5779000
610,611,0.000157493225500002,50.5275449610945,5.63282891276927,50.5275929727048,5.63298280348305,0.000157493225500002,0,2020.20604529365,2020.20620278688,5779000
610,612,0.01522749323,50.5275449610945,5.63282891276927,50.3829770997316,5.68971548571578,0.01522749323,0,2020.20604529365,2020.22127278688,5779000
611,606,0.05062781421,50.5275929727048,5.63298280348305,50.5282769300644,5.63476931134021,0.0507853074355,0.000157493225500002,2020.20620278688,2020.25683060109,5779000
611,607,0.05062781421,50.5275929727048,5.63298280348305,50.6759891379199,5.95859295155434,0.0507853074355,0.000157493225500002,2020.20620278688,2020.25683060109,5779000
612,608,3.86885246400001e-05,50.3829770997316,5.68971548571578,50.4998349367547,5.21495053126315,0.01526618175464,0.01522749323,2020.22127278688,2020.22131147541,5779000
612,609,3.86885246400001e-05,50.3829770997316,5.68971548571578,50.3831143515261,5.68998430767038,0.01526618175464,0.01522749323,2020.22127278688,2020.22131147541,5779000
616,613,5.19672114542551e-05,50.424967404675,3.79636805513219,50.4244473284499,3.79527191051865,5.19672114542551e-05,0,2020.21306278689,2020.2131147541,5779000
616,617,0.0082,50.424967404675,3.79636805513219,50.676514988085,5.4223549776802,0.0082,0,2020.21306278689,2020.22126278689,5779000
617,614,4.86885230542543e-05,50.676514988085,5.4223549776802,50.6298214739779,5.55869605623121,0.00824868852305425,0.0082,2020.22126278689,2020.22131147541,5779000
617,615,4.86885230542543e-05,50.676514988085,5.4223549776802,50.6781907092147,5.42732464884744,0.00824868852305425,0.0082,2020.22126278689,2020.22131147541,5779000
628,618,2.19672081164524e-05,50.590834067691,5.36184554885565,50.605138275218,5.62549888500419,2.19672081164524e-05,0,2020.21309278689,2020.21311475409,5779000
628,629,0.01072,50.590834067691,5.36184554885565,50.6146094072988,5.44732442575356,0.01072,0,2020.21309278689,2020.22381278689,5779000
629,630,0.00294,50.6146094072988,5.44732442575356,50.4219311369704,3.80411818713619,0.01366,0.01072,2020.22381278689,2020.22675278689,5779000
629,631,0.00546,50.6146094072988,5.44732442575356,50.5363908845912,4.49594395299372,0.01618,0.01072,2020.22381278689,2020.22927278689,5779000
630,619,2.31693939664532e-05,50.4219311369704,3.80411818713619,50.4614096997383,3.98856899491134,0.0136831693939665,0.01366,2020.22675278689,2020.22677595628,5779000
630,620,2.31693939664532e-05,50.4219311369704,3.80411818713619,50.4210524632192,3.78769943265078,0.0136831693939665,0.01366,2020.22675278689,2020.22677595628,5779000
631,634,0.0084,50.5363908845912,4.49594395299372,50.5129146168714,4.06746285998171,0.02458,0.01618,2020.22927278689,2020.23767278689,5779000
631,632,0.01088,50.5363908845912,4.49594395299372,50.5699505108156,4.82244759795879,0.02706,0.01618,2020.22927278689,2020.24015278689,5779000
632,623,0.00574885245407646,50.5699505108156,4.82244759795879,50.4469064945514,5.71906545541558,0.0328088524540765,0.02706,2020.24015278689,2020.24590163934,5779000
632,633,0.00299,50.5699505108156,4.82244759795879,50.5805604806615,5.09780034899356,0.03005,0.02706,2020.24015278689,2020.24314278689,5779000
633,621,2.66120169564524e-05,50.5805604806615,5.09780034899356,50.5783569545838,5.05305157578333,0.0300766120169565,0.03005,2020.24314278689,2020.2431693989,5779000
633,622,0.0109555737650764,50.5805604806615,5.09780034899356,50.6793396641645,5.55887354850262,0.0410055737650765,0.03005,2020.24314278689,2020.25409836065,5779000
634,635,0.0216,50.5129146168714,4.06746285998171,50.5621944462858,4.81191931096957,0.04618,0.02458,2020.23767278689,2020.25927278689,5779000
634,624,3.2131142476452e-05,50.5129146168714,4.06746285998171,50.5115036843672,4.05011084374737,0.0246121311424764,0.02458,2020.23767278689,2020.23770491803,5779000
635,625,0.00848677595107646,50.5621944462858,4.81191931096957,50.5949290806881,5.48837575729959,0.0546667759510765,0.04618,2020.25927278689,2020.26775956284,5779000
635,636,0.00845,50.5621944462858,4.81191931096957,50.6655816159957,5.59295083248125,0.05463,0.04618,2020.25927278689,2020.26772278689,5779000
636,626,3.6775951316452e-05,50.6655816159957,5.59295083248125,50.6635725028678,5.57023887167378,0.0546667759513165,0.05463,2020.26772278689,2020.26775956284,5779000
636,627,0.00823349726307646,50.6655816159957,5.59295083248125,50.7155752260648,3.82524764840119,0.0628634972630765,0.05463,2020.26772278689,2020.27595628415,5779000
641,637,3.2131146793693e-05,50.5121554627223,4.05118340101921,50.5115036843672,4.05011084374737,3.2131146793693e-05,0,2020.23767278688,2020.23770491803,5779000
641,642,0.0216,50.5121554627223,4.05118340101921,50.5993537258997,5.49701882758704,0.0216,0,2020.23767278688,2020.25927278688,5779000
642,638,0.00848677595539369,50.5993537258997,5.49701882758704,50.5949290806881,5.48837575729959,0.0300867759553937,0.0216,2020.25927278688,2020.26775956284,5779000
642,643,0.00845,50.5993537258997,5.49701882758704,50.664397021615,5.5717062676629,0.03005,0.0216,2020.25927278688,2020.26772278688,5779000
643,639,3.6775955633693e-05,50.664397021615,5.5717062676629,50.6635725028678,5.57023887167378,0.0300867759556337,0.03005,2020.26772278688,2020.26775956284,5779000
643,640,0.00823349726739369,50.664397021615,5.5717062676629,50.7155752260648,3.82524764840119,0.0382834972673937,0.03005,2020.26772278688,2020.27595628415,5779000
658,659,0.05579,50.8893453509027,4.6281938351679,50.8754416630914,4.49727934580522,0.05579,0,2020.15592278688,2020.21171278688,5779000
658,660,0.00329,50.8893453509027,4.6281938351679,50.8908316205575,4.63192714188526,0.00329,0,2020.15592278688,2020.15921278688,5779000
659,644,0.05331453552,50.8754416630914,4.49727934580522,50.8075734083534,4.42611989441572,0.10910453552,0.05579,2020.21171278688,2020.2650273224,5779000
659,645,0.001401967213,50.8754416630914,4.49727934580522,50.645498850579,5.643457028745,0.057191967213,0.05579,2020.21171278688,2020.21311475409,5779000
660,646,0.06483092896,50.8908316205575,4.63192714188526,50.394724450705,4.48938274049566,0.06812092896,0.00329,2020.15921278688,2020.22404371584,5779000
660,661,0.00351,50.8908316205575,4.63192714188526,50.8722419777547,4.70813081338355,0.0068,0.00329,2020.15921278688,2020.16272278688,5779000
661,647,0.1023045355,50.8722419777547,4.70813081338355,50.8429506125465,4.30018282558637,0.1091045355,0.0068,2020.16272278688,2020.26502732238,5779000
661,662,0.00319999999999999,50.8722419777547,4.70813081338355,50.8371395286081,4.73529226279069,0.01,0.0068,2020.16272278688,2020.16592278688,5779000
662,663,0.00323000000000001,50.8371395286081,4.73529226279069,50.5433277569108,5.54864608415073,0.01323,0.01,2020.16592278688,2020.16915278688,5779000
662,648,0.07451437158,50.8371395286081,4.73529226279069,51.0266573375029,3.44446706403918,0.08451437158,0.01,2020.16592278688,2020.24043715846,5779000
663,664,0.00294,50.5433277569108,5.54864608415073,50.4543075294042,3.9258852330225,0.01617,0.01323,2020.16915278688,2020.17209278688,5779000
663,649,0.07401661202,50.5433277569108,5.54864608415073,50.6106314097579,5.52298614482308,0.08724661202,0.01323,2020.16915278688,2020.2431693989,5779000
664,650,0.04102196721,50.4543075294042,3.9258852330225,50.6391824546997,5.58814348006402,0.05719196721,0.01617,2020.17209278688,2020.21311475409,5779000
664,665,0.03259,50.4543075294042,3.9258852330225,50.5356817157579,5.5837570476333,0.04876,0.01617,2020.17209278688,2020.20468278688,5779000
665,651,0.002967486339,50.5356817157579,5.5837570476333,50.4928691612269,5.61128865444275,0.051727486339,0.04876,2020.20468278688,2020.20765027322,5779000
665,666,0.01639,50.5356817157579,5.5837570476333,50.3803571500319,3.88505663072212,0.06515,0.04876,2020.20468278688,2020.22107278688,5779000
666,667,0.00546000000000001,50.3803571500319,3.88505663072212,50.3210509596859,4.44391041212357,0.07061,0.06515,2020.22107278688,2020.22653278688,5779000
666,669,0.01639,50.3803571500319,3.88505663072212,50.3803571500319,3.88505663072212,0.08154,0.06515,2020.22107278688,2020.23746278688,5779000
667,668,0.0084,50.3210509596859,4.44391041212357,50.391272655409,4.45248269977015,0.07901,0.07061,2020.22653278688,2020.23493278688,5779000
667,652,0.002975409836,50.3210509596859,4.44391041212357,50.9566454307853,4.47723485594749,0.073585409836,0.07061,2020.22653278688,2020.22950819672,5779000
668,654,3.98907102699964e-05,50.391272655409,4.45248269977015,50.5126528160209,4.39645171588247,0.07904989071027,0.07901,2020.23493278688,2020.23497267759,5779000
668,653,3.98907102699964e-05,50.391272655409,4.45248269977015,50.3947059547931,4.44247035944431,0.07904989071027,0.07901,2020.23493278688,2020.23497267759,5779000
669,657,0.002974371585,50.3803571500319,3.88505663072212,51.2189422750182,3.41704585754688,0.084514371585,0.08154,2020.23746278688,2020.24043715847,5779000
669,670,0.00294,50.3803571500319,3.88505663072212,50.4543075294042,3.9258852330225,0.08448,0.08154,2020.23746278688,2020.24040278688,5779000
670,655,3.43715847500037e-05,50.4543075294042,3.9258852330225,50.4574916972299,3.92798610908528,0.08451437158475,0.08448,2020.24040278688,2020.24043715846,5779000
670,656,3.43715847500037e-05,50.4543075294042,3.9258852330225,50.3785953349388,3.90742707421433,0.08451437158475,0.08448,2020.24040278688,2020.24043715846,5779000
674,673,0.00297437158475,51.2008029899321,3.39002573542915,51.2189422750182,3.41704585754688,0.00297437158475,0,2020.23746278689,2020.24043715847,5779000
674,675,0.00294,51.2008029899321,3.39002573542915,50.4579670945981,3.92867296803329,0.00294,0,2020.23746278689,2020.24040278689,5779000
675,671,3.43715845000005e-05,50.4579670945981,3.92867296803329,50.4574916972299,3.92798610908528,0.0029743715845,0.00294,2020.24040278689,2020.24043715847,5779000
675,672,3.43715845000005e-05,50.4579670945981,3.92867296803329,50.3785953349388,3.90742707421433,0.0029743715845,0.00294,2020.24040278689,2020.24043715847,5779000
700,715,0.04724499891,50.6200051372339,5.1039996077092,50.5999462988804,5.20522375290292,0.04724499891,0,2020.13155778798,2020.17880278689,5779000
700,701,0.000104998909000009,50.6200051372339,5.1039996077092,50.6233771102337,5.10431309873518,0.000104998909000009,0,2020.13155778798,2020.13166278689,5779000
701,702,0.08795,50.6233771102337,5.10431309873518,50.6644038663027,5.41487408769079,0.088054998909,0.000104998909000009,2020.13166278689,2020.21961278689,5779000
701,706,0.04108084305,50.6233771102337,5.10431309873518,50.6180050830021,5.12297228043457,0.041185841959,0.000104998909000009,2020.13166278689,2020.17274362994,5779000
702,676,0.0235566120091675,50.6644038663027,5.41487408769079,50.5476360609955,5.35466158282565,0.111611610918168,0.088054998909,2020.21961278689,2020.2431693989,5779000
702,703,0.02331,50.6644038663027,5.41487408769079,50.7001742359077,5.5915187166575,0.111364998909,0.088054998909,2020.21961278689,2020.24292278689,5779000
703,704,0.002305566348,50.7001742359077,5.5915187166575,50.5618542428428,5.83959313551555,0.113670565257,0.111364998909,2020.24292278689,2020.24522835324,5779000
703,677,0.000246612011067529,50.7001742359077,5.5915187166575,50.6989089842683,5.5866708315102,0.111611610920068,0.111364998909,2020.24292278689,2020.2431693989,5779000
704,705,0.000634433652299995,50.5618542428428,5.83959313551555,50.5521773399174,5.89981139562218,0.1143049989093,0.113670565257,2020.24522835324,2020.24586278689,5779000
704,678,0.000673286100467532,50.5618542428428,5.83959313551555,50.5634687975202,5.85269667799396,0.114343851357468,0.113670565257,2020.24522835324,2020.24590163934,5779000
705,680,0.0492191803191675,50.5521773399174,5.89981139562218,50.5608574681718,5.53504734629714,0.163524179228468,0.1143049989093,2020.24586278689,2020.29508196721,5779000
705,679,0.0492191803191675,50.5521773399174,5.89981139562218,50.6076937925115,5.62967343195721,0.163524179228468,0.1143049989093,2020.24586278689,2020.29508196721,5779000
706,710,3.86650345299971e-05,50.6180050830021,5.12297228043457,50.6217028894937,5.14352579633076,0.04122450699353,0.041185841959,2020.17274362994,2020.17278229497,5779000
706,707,0.000629156951399992,50.6180050830021,5.12297228043457,50.6262666545115,5.14125403117601,0.0418149989104,0.041185841959,2020.17274362994,2020.17337278689,5779000
707,681,0.0561354098291675,50.6262666545115,5.14125403117601,50.563941854053,4.45291417347692,0.0979504087395675,0.0418149989104,2020.17337278689,2020.22950819672,5779000
707,708,0.03559,50.6262666545115,5.14125403117601,50.4827077809493,4.69421131885142,0.0774049989104,0.0418149989104,2020.17337278689,2020.20896278689,5779000
708,709,0.01777,50.4827077809493,4.69421131885142,50.4456139105692,4.41728845830487,0.0951749989104,0.0774049989104,2020.20896278689,2020.22673278689,5779000
708,682,0.0205454098291675,50.4827077809493,4.69421131885142,50.4157657845474,4.46997280161985,0.0979504087395675,0.0774049989104,2020.20896278689,2020.22950819672,5779000
709,684,4.31693880575262e-05,50.4456139105692,4.41728845830487,50.5586680171259,3.73472404729691,0.0952181682984575,0.0951749989104,2020.22673278689,2020.22677595628,5779000
709,683,4.31693880575262e-05,50.4456139105692,4.41728845830487,50.4454686040543,4.41502843756507,0.0952181682984575,0.0951749989104,2020.22673278689,2020.22677595628,5779000
710,711,0.01117049192,50.6217028894937,5.14352579633076,50.6135318162829,4.11531088838674,0.05239499891353,0.04122450699353,2020.17278229497,2020.18395278689,5779000
710,714,0.09220049192,50.6217028894937,5.14352579633076,50.7258111256727,5.8559433962864,0.13342499891353,0.04122450699353,2020.17278229497,2020.26498278689,5779000
711,685,0.0510198906991675,50.6135318162829,4.11531088838674,50.6090033164729,4.03326474884736,0.103414889612698,0.05239499891353,2020.18395278689,2020.23497267759,5779000
711,712,0.00406999999999999,50.6135318162829,4.11531088838674,50.6325537719619,4.14627161285377,0.05646499891353,0.05239499891353,2020.18395278689,2020.18802278689,5779000
712,713,0.03578,50.6325537719619,4.14627161285377,50.6845783460319,4.38162883896291,0.09224499891353,0.05646499891353,2020.18802278689,2020.22380278689,5779000
712,686,0.0496821311391675,50.6325537719619,4.14627161285377,50.8930759741858,4.34154749744658,0.106147130052698,0.05646499891353,2020.18802278689,2020.23770491803,5779000
713,688,0.00297316938816752,50.6845783460319,4.38162883896291,50.535726163301,3.68579381184173,0.0952181683016975,0.09224499891353,2020.22380278689,2020.22677595628,5779000
713,687,0.000240928950967528,50.6845783460319,4.38162883896291,50.6840255099232,4.42126745188743,0.0924859278644975,0.09224499891353,2020.22380278689,2020.22404371585,5779000
714,689,4.45355082875354e-05,50.7258111256727,5.8559433962864,50.6165000512553,5.94483126134397,0.133469534421818,0.13342499891353,2020.26498278689,2020.2650273224,5779000
714,690,4.45355082875354e-05,50.7258111256727,5.8559433962864,50.7261822396842,5.85845648045195,0.133469534421818,0.13342499891353,2020.26498278689,2020.2650273224,5779000
715,691,0.0507054098291675,50.5999462988804,5.20522375290292,50.8318294627951,4.43216755635987,0.0979504087391675,0.04724499891,2020.17880278689,2020.22950819672,5779000
715,716,0.00824,50.5999462988804,5.20522375290292,50.6456054727603,4.89244634408007,0.05548499891,0.04724499891,2020.17880278689,2020.18704278689,5779000
716,692,0.0506621311391675,50.6456054727603,4.89244634408007,50.3831209430551,3.75015744737201,0.106147130049168,0.05548499891,2020.18704278689,2020.23770491803,5779000
716,717,0.01763,50.6456054727603,4.89244634408007,50.6657823326201,5.70853863096783,0.07311499891,0.05548499891,2020.18704278689,2020.20467278689,5779000
717,693,0.0904091803191675,50.6657823326201,5.70853863096783,50.4659508671774,5.83895712742325,0.163524179229168,0.07311499891,2020.20467278689,2020.29508196721,5779000
717,718,0.00294,50.6657823326201,5.70853863096783,50.5975481044837,5.45702373528634,0.07605499891,0.07311499891,2020.20467278689,2020.20761278689,5779000
718,719,0.01366,50.5975481044837,5.45702373528634,50.5958626828905,5.58323219598716,0.08971499891,0.07605499891,2020.20761278689,2020.22127278689,5779000
718,694,3.74863279475196e-05,50.5975481044837,5.45702373528634,50.5958784774329,5.4363711656715,0.0760924852379475,0.07605499891,2020.20761278689,2020.20765027322,5779000
719,695,3.86885138075194e-05,50.5958626828905,5.58323219598716,50.5906505081479,5.57950150671268,0.0897536874238075,0.08971499891,2020.22127278689,2020.2213114754,5779000
719,720,0.0082,50.5958626828905,5.58323219598716,50.4000177621322,4.74612900390856,0.09791499891,0.08971499891,2020.22127278689,2020.22947278689,5779000
720,696,3.54098251875296e-05,50.4000177621322,4.74612900390856,50.397446752548,4.75847699716656,0.0979504087351875,0.09791499891,2020.22947278689,2020.22950819672,5779000
720,721,0.02186,50.4000177621322,4.74612900390856,50.4430640095263,4.47482306524275,0.11977499891,0.09791499891,2020.22947278689,2020.25133278689,5779000
721,697,3.33333224275256e-05,50.4430640095263,4.47482306524275,50.446742722048,4.4861186350186,0.119808332232428,0.11977499891,2020.25133278689,2020.25136612021,5779000
721,722,0.00820000000000001,50.4430640095263,4.47482306524275,50.6155455021624,5.51920867932488,0.12797499891,0.11977499891,2020.25133278689,2020.25953278689,5779000
722,698,3.00546338075358e-05,50.6155455021624,5.51920867932488,50.6161415685204,5.51448835645268,0.128005053543808,0.12797499891,2020.25953278689,2020.25956284152,5779000
722,699,0.00276229507116751,50.6155455021624,5.51920867932488,50.6284505630067,5.61431146145139,0.130737293981168,0.12797499891,2020.25953278689,2020.26229508196,5779000
727,723,0.0930578142100143,50.6446141429602,5.42195523048178,50.6433025432708,5.42207468762982,0.0930578142100143,0,2020.16377278688,2020.25683060109,5779000
727,728,0.03855,50.6446141429602,5.42195523048178,50.5879792866905,5.64294038843333,0.03855,0,2020.16377278688,2020.20232278688,5779000
728,724,0.0217209289600143,50.5879792866905,5.64294038843333,50.7205152761603,5.90539536802967,0.0602709289600143,0.03855,2020.20232278688,2020.22404371584,5779000
728,729,0.01206,50.5879792866905,5.64294038843333,50.5870202659534,5.6429914873809,0.05061,0.03855,2020.20232278688,2020.21438278688,5779000
729,725,0.0506445355200143,50.5870202659534,5.6429914873809,50.6869643132223,5.67165661415603,0.101254535520014,0.05061,2020.21438278688,2020.2650273224,5779000
729,726,0.0397155737700143,50.5870202659534,5.6429914873809,50.586813005082,5.64265773967777,0.0903255737700143,0.05061,2020.21438278688,2020.25409836065,5779000
735,730,0.0265786885099937,50.5868650602427,5.61865138143934,50.5850377976947,5.61925972252351,0.0265786885099937,0,2020.19473278689,2020.2213114754,5779000
735,736,0.0232435343,50.5868650602427,5.61865138143934,50.617122030418,5.59084396210056,0.0232435343,0,2020.19473278689,2020.21797632119,5779000
736,734,0.0415865203399937,50.617122030418,5.59084396210056,50.6469139706476,5.58664112073333,0.0648300546399937,0.0232435343,2020.21797632119,2020.25956284153,5779000
736,737,0.000254054448600001,50.617122030418,5.59084396210056,50.6407763550215,5.64460911719089,0.0234975887486,0.0232435343,2020.21797632119,2020.21823037564,5779000
737,733,0.0249390232599937,50.6407763550215,5.64460911719089,50.6157989363962,5.66006150158494,0.0484366120085937,0.0234975887486,2020.21823037564,2020.2431693989,5779000
737,738,0.000312411252299999,50.6407763550215,5.64460911719089,50.6423085980221,5.64313176301246,0.0238100000009,0.0234975887486,2020.21823037564,2020.21854278689,5779000
738,731,0.0246266120099937,50.6423085980221,5.64313176301246,50.5857677331386,5.35258813528071,0.0484366120108937,0.0238100000009,2020.21854278689,2020.2431693989,5779000
738,732,3.64480772837017e-05,50.6423085980221,5.64313176301246,50.6431222092315,5.64226708678773,0.0238464480781837,0.0238100000009,2020.21854278689,2020.21857923497,5779000
