node1,node2,length,startLat,startLon,endLat,endLon,endNodeL,startNodeL,startYear,endYear,treeID
12,1,0.144461967181504,50.4528909539471,4.23849274700925,50.4618362206155,4.20600086566018,0.144461967181504,0,2020.0686527869,2020.21311475408,14675000
12,13,0.05347371079,50.4528909539471,4.23849274700925,50.5247641153905,4.45630500654313,0.05347371079,0,2020.0686527869,2020.12212649769,14675000
13,14,0.000166289214100002,50.5247641153905,4.45630500654313,50.6847504404786,5.6546606465086,0.0536400000041,0.05347371079,2020.12212649769,2020.1222927869,14675000
13,17,0.049425892,50.5247641153905,4.45630500654313,50.525081712827,4.43836527872987,0.10289960279,0.05347371079,2020.12212649769,2020.17155238969,14675000
14,5,0.123608852481504,50.6847504404786,5.6546606465086,50.61963649692,5.62328260113898,0.177248852485604,0.0536400000041,2020.1222927869,2020.24590163939,14675000
14,15,0.05743566521,50.6847504404786,5.6546606465086,50.6661118772137,5.66028057945608,0.1110756652141,0.0536400000041,2020.1222927869,2020.17972845211,14675000
15,16,0.000544334787500003,50.6661118772137,5.66028057945608,50.707549376953,5.65712729193528,0.1116200000016,0.1110756652141,2020.17972845211,2020.1802727869,14675000
15,4,0.000599416736104266,50.6661118772137,5.66028057945608,50.6279432477642,5.63317574143772,0.111675081950204,0.1110756652141,2020.17972845211,2020.18032786885,14675000
16,2,5.50819485742732e-05,50.707549376953,5.65712729193528,50.7147552184522,5.63544792660073,0.111675081950174,0.1116200000016,2020.1802727869,2020.18032786885,14675000
16,3,5.50819485742732e-05,50.707549376953,5.65712729193528,50.7075260159371,5.65737920737685,0.111675081950174,0.1116200000016,2020.1802727869,2020.18032786885,14675000
17,18,0.000470397218599997,50.525081712827,4.43836527872987,50.5249623413879,4.43767047533739,0.1033700000086,0.10289960279,2020.17155238969,2020.17202278691,14675000
17,6,0.0524913261615043,50.525081712827,4.43836527872987,50.59702373549,6.10809357744726,0.155390928951504,0.10289960279,2020.17155238969,2020.22404371585,14675000
18,7,0.0984690163715043,50.5249623413879,4.43767047533739,50.4134330626051,4.50670758831703,0.201839016380104,0.1033700000086,2020.17202278691,2020.27049180328,14675000
18,19,0.00408,50.5249623413879,4.43767047533739,50.5208417810557,4.4119874355165,0.1074500000086,0.1033700000086,2020.17202278691,2020.17610278691,14675000
19,8,0.0506731693815043,50.5208417810557,4.4119874355165,50.8575118182826,4.29711572215917,0.158123169390104,0.1074500000086,2020.17610278691,2020.22677595629,14675000
19,20,0.00546000000000001,50.5208417810557,4.4119874355165,50.5210568884028,4.40752507548672,0.1129100000086,0.1074500000086,2020.17610278691,2020.18156278691,14675000
20,9,0.0506776502515043,50.5210568884028,4.40752507548672,50.5082366098553,4.47645598652495,0.163587650260104,0.1129100000086,2020.18156278691,2020.23224043716,14675000
20,21,0.04515,50.5210568884028,4.40752507548672,50.5065666683938,4.52260793131809,0.1580600000086,0.1129100000086,2020.18156278691,2020.22671278691,14675000
21,10,6.31693803942734e-05,50.5065666683938,4.52260793131809,50.8530568899522,5.02836498566538,0.158123169388994,0.1580600000086,2020.22671278691,2020.22677595629,14675000
21,11,0.0191888524415043,50.5065666683938,4.52260793131809,50.5452702192249,4.34850036956732,0.177248852450104,0.1580600000086,2020.22671278691,2020.24590163935,14675000
26,27,0.000199923969000003,50.9182910150577,4.86732436563608,50.9189398553673,4.8673311244528,0.000199923969000003,0,2020.18135286292,2020.18155278689,2935000
26,28,0.000199923969000003,50.9182910150577,4.86732436563608,50.9189398553673,4.8673311244528,0.000199923969000003,0,2020.18135286292,2020.18155278689,2935000
27,22,0.0588843715798546,50.9189398553673,4.8673311244528,51.0546194191661,5.18180043569388,0.0590842955488546,0.000199923969000003,2020.18155278689,2020.24043715847,2935000
27,23,0.0479554098398546,50.9189398553673,4.8673311244528,50.9222695726985,4.86902333804074,0.0481553338088546,0.000199923969000003,2020.18155278689,2020.22950819673,2935000
28,24,0.0397586885198546,50.9189398553673,4.8673311244528,51.1969755246751,5.14758472604657,0.0399586124888546,0.000199923969000003,2020.18155278689,2020.22131147541,2935000
28,25,0.0616166120198546,50.9189398553673,4.8673311244528,51.2994758187709,4.68378357311466,0.0618165359888546,0.000199923969000003,2020.18155278689,2020.24316939891,2935000
33,29,0.08226914921,51.0805184065471,5.01810553516778,51.0844679151367,5.01608430089321,0.08226914921,0,2020.1609002497,2020.24316939891,2935000
33,34,6.4692527990004e-05,51.0805184065471,5.01810553516778,51.0804842148519,5.0183550577816,6.4692527990004e-05,0,2020.1609002497,2020.16096494223,2935000
34,30,0.07673997581,51.0804842148519,5.0183550577816,51.1761133449086,5.43552269231878,0.07680466833799,6.4692527990004e-05,2020.16096494223,2020.23770491804,2935000
34,35,4.78446596999943e-05,51.0804842148519,5.0183550577816,51.0803717957761,5.01806147648901,0.000112537187689998,6.4692527990004e-05,2020.16096494223,2020.16101278689,2935000
35,31,0.06849540984,51.0803717957761,5.01806147648901,50.7761820655608,3.84673323840394,0.06860794702769,0.000112537187689998,2020.16101278689,2020.22950819673,2935000
35,32,0.08215661202,51.0803717957761,5.01806147648901,51.2631738519747,4.66352198655687,0.08226914920769,0.000112537187689998,2020.16101278689,2020.24316939891,2935000
41,42,0.0028,51.7009345567881,3.80750495303098,51.1467198483952,4.33988417349685,0.0028,0,2020.22118278689,2020.22398278689,2935000
41,43,0.00533,51.7009345567881,3.80750495303098,50.9316450694388,4.93419799050375,0.00533,0,2020.22118278689,2020.22651278689,2935000
42,36,6.09289614231547e-05,51.1467198483952,4.33988417349685,51.1448190463832,4.34254513687206,0.00286092896142316,0.0028,2020.22398278689,2020.22404371585,2935000
42,37,0.00279316939865316,51.1467198483952,4.33988417349685,50.829256638524,4.5246515174741,0.00559316939865316,0.0028,2020.22398278689,2020.22677595629,2935000
43,38,0.00299540983565315,50.9316450694388,4.93419799050375,51.0643033249234,4.8764594608386,0.00832540983565315,0.00533,2020.22651278689,2020.22950819672,2935000
43,44,0.01387,50.9316450694388,4.93419799050375,51.2639736071873,4.51557565482374,0.0192,0.00533,2020.22651278689,2020.24038278689,2935000
44,39,0.00278661202165316,51.2639736071873,4.51557565482374,51.2288068595177,4.54517976882849,0.0219866120216532,0.0192,2020.24038278689,2020.24316939891,2935000
44,40,5.43715844031553e-05,51.2639736071873,4.51557565482374,50.9230877549039,4.72790837744003,0.0192543715844032,0.0192,2020.24038278689,2020.24043715847,2935000
48,45,0.0262130054599446,50.5804910992657,5.60778322065055,50.5831472685106,5.60646934483551,0.0262130054599446,0,2020.17597278689,2020.20218579235,2935000
48,49,0.02343,50.5804910992657,5.60778322065055,50.574512272578,5.59691047415441,0.02343,0,2020.17597278689,2020.19940278689,2935000
49,46,0.0546955737699446,50.574512272578,5.59691047415441,50.5719131535071,5.59240442077255,0.0781255737699446,0.02343,2020.19940278689,2020.25409836066,2935000
49,47,5.07650271246163e-05,50.574512272578,5.59691047415441,50.6633377228339,5.58437561631088,0.0234807650271246,0.02343,2020.19940278689,2020.19945355192,2935000
58,50,6.16393386501379e-05,50.5943808425649,5.99873656883239,50.5956073408238,6.00906941908286,6.16393386501379e-05,0,2020.16387278689,2020.16393442622,2935000
58,59,0.00813,50.5943808425649,5.99873656883239,50.6015145138163,5.92897830565582,0.00813,0,2020.16387278689,2020.17200278689,2935000
59,60,0.0028,50.6015145138163,5.92897830565582,50.6092828617234,5.92540454879081,0.01093,0.00813,2020.17200278689,2020.17480278689,2935000
59,61,0.01086,50.6015145138163,5.92897830565582,50.56038020549,6.03402162697213,0.01899,0.00813,2020.17200278689,2020.18286278689,2935000
60,51,0.00279284152434014,50.6092828617234,5.92540454879081,50.6856012039666,5.93248577826464,0.0137228415243401,0.01093,2020.17480278689,2020.17759562841,2935000
60,52,6.06010871601476e-05,50.6092828617234,5.92540454879081,50.6085770317353,5.92399460082604,0.0109906010871601,0.01093,2020.17480278689,2020.17486338797,2935000
61,53,0.00292956283634013,50.56038020549,6.03402162697213,50.6669273871569,5.6737498768493,0.0219195628363401,0.01899,2020.18286278689,2020.18579234972,2935000
61,62,0.01359,50.56038020549,6.03402162697213,50.5604987172239,6.10874939122951,0.03258,0.01899,2020.18286278689,2020.19645278689,2935000
62,63,0.00294,50.5604987172239,6.10874939122951,50.5509492367321,6.10313037832215,0.03552,0.03258,2020.19645278689,2020.19939278689,2935000
62,64,0.00822,50.5604987172239,6.10874939122951,50.5648484541437,5.76659595945656,0.0408,0.03258,2020.19645278689,2020.20467278689,2935000
63,55,6.07650215201372e-05,50.5509492367321,6.10313037832215,50.7596621829362,5.85976502446885,0.0355807650215201,0.03552,2020.19939278689,2020.19945355191,2935000
63,54,6.07650215201372e-05,50.5509492367321,6.10313037832215,50.5500507413202,6.10217561652301,0.0355807650215201,0.03552,2020.19939278689,2020.19945355191,2935000
64,56,0.00297748633334014,50.5648484541437,5.76659595945656,50.3250501729403,6.17673489434758,0.0437774863333401,0.0408,2020.20467278689,2020.20765027322,2935000
64,57,0.0603545355143401,50.5648484541437,5.76659595945656,50.6581061781465,5.53818461601249,0.10115453551434,0.0408,2020.20467278689,2020.2650273224,2935000
79,80,4.52279363500063e-05,50.4357988885986,6.22798870902476,50.4294929145462,6.22920333540622,4.52279363500063e-05,0,2020.22393755895,2020.22398278689,2935000
79,82,0.000575227936399997,50.4357988885986,6.22798870902476,50.5033710049876,6.12088232171713,0.000575227936399997,0,2020.22393755895,2020.22451278689,2935000
80,65,6.09289594916407e-05,50.4294929145462,6.22920333540622,50.4292836755579,6.22913096886246,0.000106156895841647,4.52279363500063e-05,2020.22398278689,2020.22404371585,2935000
80,81,0.0511,50.4294929145462,6.22920333540622,50.6026229934622,6.19000454047416,0.05114522793635,4.52279363500063e-05,2020.22398278689,2020.27508278689,2935000
81,66,0.0336603825077216,50.6026229934622,6.19000454047416,50.5760551386954,6.20320530981395,0.0848056104440716,0.05114522793635,2020.27508278689,2020.3087431694,2935000
81,67,0.0172669398877216,50.6026229934622,6.19000454047416,50.5756903922972,6.18511281514974,0.0684121678240716,0.05114522793635,2020.27508278689,2020.29234972678,2935000
82,83,0.02908,50.5033710049876,6.12088232171713,50.7324613830093,6.01941186318666,0.0296552279364,0.000575227936399997,2020.22451278689,2020.25359278689,2935000
82,68,0.0842303825077216,50.5033710049876,6.12088232171713,50.5850087437836,6.12510510232113,0.0848056104441216,0.000575227936399997,2020.22451278689,2020.3087431694,2935000
83,84,0.00318,50.7324613830093,6.01941186318666,50.7344476634993,6.01791786127432,0.0328352279364,0.0296552279364,2020.25359278689,2020.25677278689,2935000
83,85,0.003,50.7324613830093,6.01941186318666,50.6631891458034,6.02172426056727,0.0326552279364,0.0296552279364,2020.25359278689,2020.25659278689,2935000
84,69,5.78142052316405e-05,50.7344476634993,6.01791786127432,50.7377417066658,6.01686930051245,0.0328930421416316,0.0328352279364,2020.25677278689,2020.25683060109,2935000
84,70,5.78142052316405e-05,50.7344476634993,6.01791786127432,50.7157629214018,6.00495931853983,0.0328930421416316,0.0328352279364,2020.25677278689,2020.25683060109,2935000
85,71,0.00297005464272164,50.6631891458034,6.02172426056727,50.7030277289119,5.99606881041456,0.0356252825791216,0.0326552279364,2020.25659278689,2020.25956284153,2935000
85,86,0.00291,50.6631891458034,6.02172426056727,50.6697821204762,6.01859329816897,0.0355652279364,0.0326552279364,2020.25659278689,2020.25950278689,2935000
86,72,6.00546423616399e-05,50.6697821204762,6.01859329816897,50.3867122284022,6.30584977417688,0.0356252825787616,0.0355652279364,2020.25950278689,2020.25956284153,2935000
86,87,0.03279,50.6697821204762,6.01859329816897,50.7338392529203,6.02778824210601,0.0683552279364,0.0355652279364,2020.25950278689,2020.29229278689,2935000
87,88,0.01067,50.7338392529203,6.02778824210601,50.7300060800122,6.03066759945619,0.0790252279364,0.0683552279364,2020.29229278689,2020.30296278689,2935000
87,73,5.69398883216443e-05,50.7338392529203,6.02778824210601,50.587055574716,6.19539564512409,0.0684121678247216,0.0683552279364,2020.29229278689,2020.29234972678,2935000
88,89,0.00278,50.7300060800122,6.03066759945619,50.7336551184198,6.02452832174618,0.0818052279364,0.0790252279364,2020.30296278689,2020.30574278689,2935000
88,74,0.00578038251172164,50.7300060800122,6.03066759945619,50.6023373302535,5.99892374782079,0.0848056104481216,0.0790252279364,2020.30296278689,2020.3087431694,2935000
89,90,0.00294,50.7336551184198,6.02452832174618,50.7419721933874,6.01672758316511,0.0847452279364,0.0818052279364,2020.30574278689,2020.30868278689,2935000
89,91,0.00294,50.7336551184198,6.02452832174618,50.7419721933874,6.01672758316511,0.0847452279364,0.0818052279364,2020.30574278689,2020.30868278689,2935000
90,75,6.03825113116435e-05,50.7419721933874,6.01672758316511,50.3273326703788,6.35944141853721,0.0848056104477116,0.0847452279364,2020.30868278689,2020.3087431694,2935000
90,76,6.03825113116435e-05,50.7419721933874,6.01672758316511,50.7420199533515,6.01691668519744,0.0848056104477116,0.0847452279364,2020.30868278689,2020.3087431694,2935000
91,77,6.03825113116435e-05,50.7419721933874,6.01672758316511,50.7257100514504,6.01008233625728,0.0848056104477116,0.0847452279364,2020.30868278689,2020.3087431694,2935000
91,78,6.03825113116435e-05,50.7419721933874,6.01672758316511,50.7425928574118,6.01807876885005,0.0848056104477116,0.0847452279364,2020.30868278689,2020.3087431694,2935000
95,92,0.0772386885100428,50.6553621175718,5.59689958099033,50.6421192182468,5.57261187471181,0.0772386885100428,0,2020.14407278689,2020.2213114754,2935000
95,96,0.05534,50.6553621175718,5.59689958099033,50.6595713636962,5.60463637610352,0.05534,0,2020.14407278689,2020.19941278689,2935000
96,93,0.0464888524500428,50.6595713636962,5.60463637610352,50.6558532951154,5.59619358140993,0.101828852450043,0.05534,2020.19941278689,2020.24590163934,2935000
96,94,4.07650172227561e-05,50.6595713636962,5.60463637610352,50.6157620406726,6.15966108225961,0.0553807650172228,0.05534,2020.19941278689,2020.19945355191,2935000
100,99,0.00562640426459256,50.4945496171386,5.89949408744332,50.4692040332372,5.86399610052896,0.00562640426459256,0,2020.25940091814,2020.26502732241,2935000
100,101,0.000121868740699999,50.4945496171386,5.89949408744332,50.4944402747585,5.89868921578064,0.000121868740699999,0,2020.25940091814,2020.25952278689,2935000
101,97,4.00546492325682e-05,50.4944402747585,5.89868921578064,50.4944941127846,5.89884770600644,0.000161923389932567,0.000121868740699999,2020.25952278689,2020.25956284153,2935000
101,98,0.0984007103845926,50.4944402747585,5.89868921578064,50.5690995528314,5.85625781982298,0.0985225791252926,0.000121868740699999,2020.25952278689,2020.35792349727,2935000
112,102,0.09041453552,50.7205701723804,5.73239366979353,50.8598868024976,4.33920153563424,0.09041453552,0,2020.17461278688,2020.2650273224,2935000
112,113,0.00294,50.7205701723804,5.73239366979353,50.5928427441517,6.16858735662188,0.00294,0,2020.17461278688,2020.17755278688,2935000
113,103,4.28415299399965e-05,50.5928427441517,6.16858735662188,50.702909981201,5.74958315993052,0.00298284152993999,0.00294,2020.17755278688,2020.17759562841,2935000
113,114,0.0072,50.5928427441517,6.16858735662188,50.6928806894849,5.76012606006878,0.01014,0.00294,2020.17755278688,2020.18475278688,2935000
114,115,0.00337,50.6928806894849,5.76012606006878,50.6963380450351,5.84839889199826,0.01351,0.01014,2020.18475278688,2020.18812278688,2935000
114,104,0.07481005464,50.6928806894849,5.76012606006878,50.3948836295856,5.93997921773435,0.08495005464,0.01014,2020.18475278688,2020.25956284152,2935000
115,116,0.00291000000000001,50.6963380450351,5.84839889199826,50.6872207222894,5.88792587202889,0.01642,0.01351,2020.18812278688,2020.19103278688,2935000
115,105,0.05231437158,50.6963380450351,5.84839889199826,50.7443458353294,4.63255520654782,0.06582437158,0.01351,2020.18812278688,2020.24043715846,2935000
116,117,0.00563999999999999,50.6872207222894,5.88792587202889,50.6003597413926,5.67788322282723,0.02206,0.01642,2020.19103278688,2020.19667278688,2935000
116,118,0.03003,50.6872207222894,5.88792587202889,50.5892900665551,6.1738759313657,0.04645,0.01642,2020.19103278688,2020.22106278688,2935000
117,106,0.005513005465,50.6003597413926,5.67788322282723,50.466373379037,6.06963033065999,0.027573005465,0.02206,2020.19667278688,2020.20218579235,2935000
117,107,4.85245900500031e-05,50.6003597413926,5.67788322282723,50.5999123651128,5.68231351848627,0.02210852459005,0.02206,2020.19667278688,2020.19672131147,2935000
118,119,0.00294,50.5892900665551,6.1738759313657,50.5928427441517,6.16858735662188,0.04939,0.04645,2020.22106278688,2020.22400278688,2935000
118,120,0.00294,50.5892900665551,6.1738759313657,50.5928427441517,6.16858735662188,0.04939,0.04645,2020.22106278688,2020.22400278688,2935000
119,108,0.005505409836,50.5928427441517,6.16858735662188,50.530327242142,5.19317820544665,0.054895409836,0.04939,2020.22400278688,2020.22950819672,2935000
119,109,4.09289617699996e-05,50.5928427441517,6.16858735662188,50.5924930473549,6.16913681364482,0.04943092896177,0.04939,2020.22400278688,2020.22404371584,2935000
120,110,4.09289617699996e-05,50.5928427441517,6.16858735662188,50.5692670766849,6.19739514038744,0.04943092896177,0.04939,2020.22400278688,2020.22404371584,2935000
120,111,4.09289617699996e-05,50.5928427441517,6.16858735662188,50.5865939688999,6.16794850947668,0.04943092896177,0.04939,2020.22400278688,2020.22404371584,2935000
125,126,0.00294,50.5853753947527,6.1663306170584,50.5924630474625,6.16891767134594,0.00294,0,2020.22106278688,2020.22400278688,2935000
125,127,0.00294,50.5853753947527,6.1663306170584,50.5924630474625,6.16891767134594,0.00294,0,2020.22106278688,2020.22400278688,2935000
126,121,0.005505409836,50.5924630474625,6.16891767134594,50.530327242142,5.19317820544665,0.008445409836,0.00294,2020.22400278688,2020.22950819672,2935000
126,122,4.09289617699996e-05,50.5924630474625,6.16891767134594,50.5924930473549,6.16913681364482,0.00298092896177,0.00294,2020.22400278688,2020.22404371585,2935000
127,123,4.09289617699996e-05,50.5924630474625,6.16891767134594,50.5692670766849,6.19739514038744,0.00298092896177,0.00294,2020.22400278688,2020.22404371585,2935000
127,124,4.09289617699996e-05,50.5924630474625,6.16891767134594,50.5865939688999,6.16794850947668,0.00298092896177,0.00294,2020.22400278688,2020.22404371585,2935000
131,128,0.05780284153,50.8830765872222,4.74807479722744,50.4296763650904,4.35070087920109,0.05780284153,0,2020.11979278689,2020.17759562842,2935000
131,132,0.02843,50.8830765872222,4.74807479722744,50.8816165449041,4.74593740262178,0.02843,0,2020.11979278689,2020.14822278689,2935000
132,129,0.01844387978,50.8816165449041,4.74593740262178,50.5241321222226,5.12078054270932,0.04687387978,0.02843,2020.14822278689,2020.16666666667,2935000
132,130,0.02117612022,50.8816165449041,4.74593740262178,50.8806315438677,4.74477484131438,0.04960612022,0.02843,2020.14822278689,2020.16939890711,2935000
141,145,0.04146947287,50.5810823947003,5.49687549677132,50.5513146208992,5.32219018840818,0.04146947287,0,2020.12969331402,2020.17116278689,2935000
141,142,8.94728730100047e-05,50.5810823947003,5.49687549677132,50.5809637975858,5.49634320172887,8.94728730100047e-05,0,2020.12969331402,2020.12978278689,2935000
142,144,0.05323,50.5809637975858,5.49634320172887,50.7018818900668,5.59861218938297,0.05331947287301,8.94728730100047e-05,2020.12978278689,2020.18301278689,2935000
142,143,0.04503,50.5809637975858,5.49634320172887,50.6210041474076,5.73452930910778,0.04511947287301,8.94728730100047e-05,2020.12978278689,2020.17481278689,2935000
143,133,0.0027828415299874,50.6210041474076,5.73452930910778,50.5840156951751,5.5088341105907,0.0479023144029974,0.04511947287301,2020.17481278689,2020.17759562842,2935000
143,134,5.0601092807398e-05,50.6210041474076,5.73452930910778,50.6195314916472,5.7258223097064,0.0451700739658174,0.04511947287301,2020.17481278689,2020.17486338798,2935000
144,135,4.73224044073711e-05,50.7018818900668,5.59861218938297,50.7014855957692,5.59641014416004,0.0533667952774174,0.05331947287301,2020.18301278689,2020.18306010929,2935000
144,136,0.0710855737699874,50.7018818900668,5.59861218938297,50.6584673040379,5.63605245889943,0.124405046642997,0.05331947287301,2020.18301278689,2020.25409836066,2935000
145,137,0.000968360655687395,50.5513146208992,5.32219018840818,50.3717944541484,4.36201061053244,0.0424378335256874,0.04146947287,2020.17116278689,2020.17213114754,2935000
145,146,0.00294,50.5513146208992,5.32219018840818,50.5697699782888,5.43157369939689,0.04440947287,0.04146947287,2020.17116278689,2020.17410278689,2935000
146,138,0.0034928415299874,50.5697699782888,5.43157369939689,50.5280143555845,5.35723547503373,0.0479023143999874,0.04440947287,2020.17410278689,2020.17759562842,2935000
146,147,0.00201000000000001,50.5697699782888,5.43157369939689,50.5741982315377,5.46250256925619,0.04641947287,0.04440947287,2020.17410278689,2020.17611278689,2935000
147,139,0.00148284152998739,50.5741982315377,5.46250256925619,50.6587097266985,5.91507768859786,0.0479023143999874,0.04641947287,2020.17611278689,2020.17759562842,2935000
147,140,0.0506631693999874,50.5741982315377,5.46250256925619,50.3882478186569,4.36381668833718,0.0970826422699874,0.04641947287,2020.17611278689,2020.22677595629,2935000
154,148,0.0463285245900365,50.5789782064344,5.69147457002305,50.6600541995319,5.62727192311348,0.0463285245900365,0,2020.15039278689,2020.19672131148,2935000
154,155,0.06794,50.5789782064344,5.69147457002305,50.5699037539185,5.49389758837842,0.06794,0,2020.15039278689,2020.21833278689,2935000
155,156,0.00294,50.5699037539185,5.49389758837842,50.5663934821521,5.49975406527303,0.07088,0.06794,2020.21833278689,2020.22127278689,2935000
155,157,0.00294,50.5699037539185,5.49389758837842,50.5663934821521,5.49975406527303,0.07088,0.06794,2020.21833278689,2020.22127278689,2935000
156,149,3.86885246764501e-05,50.5663934821521,5.49975406527303,50.5665356356237,5.49929798881959,0.0709186885246764,0.07088,2020.22127278689,2020.22131147541,2935000
156,150,3.86885246764501e-05,50.5663934821521,5.49975406527303,50.6392750354366,5.55825548348796,0.0709186885246764,0.07088,2020.22127278689,2020.22131147541,2935000
157,151,3.86885246764501e-05,50.5663934821521,5.49975406527303,50.6769537040828,5.16054663851684,0.0709186885246764,0.07088,2020.22127278689,2020.22131147541,2935000
157,158,0.02186,50.5663934821521,5.49975406527303,50.4767988925655,5.51489139901483,0.09274,0.07088,2020.22127278689,2020.24313278689,2935000
158,152,3.66120219164601e-05,50.4767988925655,5.51489139901483,50.4763504787981,5.51704359124605,0.0927766120219165,0.09274,2020.24313278689,2020.24316939891,2935000
158,153,0.0164300546400365,50.4767988925655,5.51489139901483,50.8182326468552,4.38050433236985,0.109170054640036,0.09274,2020.24313278689,2020.25956284153,2935000
163,162,0.071509144742933,50.5729759593577,5.55968466145581,50.5637713474039,5.57334365854413,0.071509144742933,0,2020.19078593723,2020.26229508197,2935000
163,164,0.000166849652900009,50.5729759593577,5.55968466145581,50.5730962032667,5.5583758250632,0.000166849652900009,0,2020.19078593723,2020.19095278688,2935000
164,159,0.054948852472933,50.5730962032667,5.5583758250632,50.6680284146429,5.76408462703981,0.055115702125833,0.000166849652900009,2020.19095278688,2020.24590163935,2935000
164,165,0.03305,50.5730962032667,5.5583758250632,50.6789977181457,4.23291843600875,0.0332168496529,0.000166849652900009,2020.19095278688,2020.22400278688,2935000
165,160,4.09289747029529e-05,50.6789977181457,4.23291843600875,50.6759662788201,4.48827041838522,0.033257778627603,0.0332168496529,2020.22400278688,2020.22404371585,2935000
165,161,4.09289747029529e-05,50.6789977181457,4.23291843600875,50.6791645825611,4.23306211202629,0.033257778627603,0.0332168496529,2020.22400278688,2020.22404371585,2935000
169,166,0.0597101180807848,50.7403623583902,6.03348806326986,50.722141798141,5.99908490585982,0.0597101180807848,0,2020.19438824259,2020.25409836067,2935000
169,170,0.000388476369099999,50.7403623583902,6.03348806326986,50.7403849218221,6.03360322788035,0.000388476369099999,0,2020.19438824259,2020.19477671896,2935000
170,167,0.0593216417107848,50.7403849218221,6.03360322788035,50.5290061325505,5.8137260609179,0.0597101180798848,0.000388476369099999,2020.19477671896,2020.25409836067,2935000
170,168,0.163146778310785,50.7403849218221,6.03360322788035,50.5675654855428,5.46205216831074,0.163535254679885,0.000388476369099999,2020.19477671896,2020.35792349727,2935000
176,171,9.18033227553794e-06,50.5475681157653,5.18153936245746,50.5505145526038,5.18642289734062,9.18033227553794e-06,0,2020.29507278688,2020.29508196721,14675000
176,177,0.05171,50.5475681157653,5.18153936245746,50.7042524586897,5.48698716692265,0.05171,0,2020.29507278688,2020.34678278688,14675000
177,178,0.00567,50.7042524586897,5.48698716692265,50.699834661489,5.48079264185133,0.05738,0.05171,2020.34678278688,2020.35245278688,14675000
177,179,0.00294,50.7042524586897,5.48698716692265,50.6395882545533,5.66229552617552,0.05465,0.05171,2020.34678278688,2020.34972278688,14675000
178,172,6.2295126075293e-06,50.699834661489,5.48079264185133,50.6998103639018,5.4807637269189,0.0573862295126075,0.05738,2020.35245278688,2020.35245901639,14675000
178,173,6.2295126075293e-06,50.699834661489,5.48079264185133,50.6605450781299,5.53439091955105,0.0573862295126075,0.05738,2020.35245278688,2020.35245901639,14675000
179,174,0.00820071038754453,50.6395882545533,5.66229552617552,50.5328807848061,5.47408760674425,0.0628507103875445,0.05465,2020.34972278688,2020.35792349727,14675000
179,175,3.9890754805344e-06,50.6395882545533,5.66229552617552,50.6395965632773,5.66230342863797,0.0546539890754805,0.05465,2020.34972278688,2020.34972677596,14675000
183,182,0.002942841529942,50.6811247430315,5.53510970539316,50.6185042704242,5.41064991468672,0.002942841529942,0,2020.17465278689,2020.17759562842,2935000
183,184,0.00294,50.6811247430315,5.53510970539316,50.6662648065142,5.61836381954553,0.00294,0,2020.17465278689,2020.17759278689,2935000
184,180,2.84152988399991e-06,50.6662648065142,5.61836381954553,50.4984309220098,5.82776741923671,0.002942841529884,0.00294,2020.17759278689,2020.17759562842,2935000
184,181,2.84152988399991e-06,50.6662648065142,5.61836381954553,50.666512991704,5.61888349229498,0.002942841529884,0.00294,2020.17759278689,2020.17759562842,2935000
202,206,0.00566999999999999,50.3813259050505,5.08637972079569,50.3797822852686,5.14635419526515,0.00566999999999999,0,2020.16918278688,2020.17485278688,2935000
202,203,0.00294,50.3813259050505,5.08637972079569,50.5626549113032,5.53465618218744,0.00294,0,2020.16918278688,2020.17212278688,2935000
203,185,8.3606593163088e-06,50.5626549113032,5.53465618218744,51.0485423273775,4.12960375712546,0.00294836065931631,0.00294,2020.17212278688,2020.17213114754,2935000
203,204,0.04624,50.5626549113032,5.53465618218744,50.5473134763119,5.43716877120639,0.04918,0.00294,2020.17212278688,2020.21836278688,2935000
204,186,0.00294868852862731,50.5473134763119,5.43716877120639,50.5261671894619,5.44502590663282,0.0521286885286273,0.04918,2020.21836278688,2020.22131147541,2935000
204,205,0.00294,50.5473134763119,5.43716877120639,50.5626549113032,5.53465618218744,0.05212,0.04918,2020.21836278688,2020.22130278688,2935000
205,187,8.68852826930999e-06,50.5626549113032,5.53465618218744,50.5627940713523,5.53162469827979,0.0521286885282693,0.05212,2020.22130278688,2020.22131147541,2935000
205,188,0.0164021311536273,50.5626549113032,5.53465618218744,50.8457260509122,4.52638738025212,0.0685221311536273,0.05212,2020.22130278688,2020.23770491804,2935000
206,189,1.06010964473074e-05,50.3797822852686,5.14635419526515,50.3789806128034,5.1400941638518,0.0056806010964473,0.00566999999999999,2020.17485278688,2020.17486338798,2935000
206,207,0.01072,50.3797822852686,5.14635419526515,50.4659602109572,5.70703093265269,0.01639,0.00566999999999999,2020.17485278688,2020.18557278688,2935000
207,190,0.0275419672136273,50.4659602109572,5.70703093265269,50.4921251135385,5.55153911830804,0.0439319672136273,0.01639,2020.18557278688,2020.2131147541,2935000
207,208,0.01361,50.4659602109572,5.70703093265269,50.6101283051735,5.60727809148987,0.03,0.01639,2020.18557278688,2020.19918278688,2935000
208,209,0.01912,50.6101283051735,5.60727809148987,50.6118932275703,5.68210744003884,0.04912,0.03,2020.19918278688,2020.21830278688,2935000
208,213,0.01656,50.6101283051735,5.60727809148987,50.5901184180435,5.55264707752789,0.04656,0.03,2020.19918278688,2020.21574278688,2935000
209,210,0.00278,50.6118932275703,5.68210744003884,50.6236342065382,6.05871204007438,0.0519,0.04912,2020.21830278688,2020.22108278688,2935000
209,212,0.0219,50.6118932275703,5.68210744003884,50.629893688451,5.68137284533419,0.07102,0.04912,2020.21830278688,2020.24020278688,2935000
210,211,0.00294,50.6236342065382,6.05871204007438,50.5626549113032,5.53465618218744,0.05484,0.0519,2020.22108278688,2020.22402278688,2935000
210,191,0.00296092896562731,50.6236342065382,6.05871204007438,50.6183734367081,6.18179476960672,0.0548609289656273,0.0519,2020.22108278688,2020.22404371585,2935000
211,193,0.0191466120236273,50.5626549113032,5.53465618218744,50.4625830710057,5.55952837728104,0.0739866120236273,0.05484,2020.22402278688,2020.24316939891,2935000
211,192,2.09289653973072e-05,50.5626549113032,5.53465618218744,50.6298898234846,6.08045335438085,0.0548609289653973,0.05484,2020.22402278688,2020.22404371585,2935000
212,194,0.00296661202562731,50.629893688451,5.68137284533419,50.4863625375144,5.58431402927158,0.0739866120256273,0.07102,2020.24020278688,2020.24316939891,2935000
212,195,0.00296661202562731,50.629893688451,5.68137284533419,50.6266041415478,5.66121252504284,0.0739866120256273,0.07102,2020.24020278688,2020.24316939891,2935000
213,214,0.02174,50.5901184180435,5.55264707752789,50.6241905953896,5.46122783174525,0.0683,0.04656,2020.21574278688,2020.23748278688,2935000
213,196,0.0383555737736273,50.5901184180435,5.55264707752789,50.6061828498463,5.4421626833963,0.0849155737736273,0.04656,2020.21574278688,2020.25409836066,2935000
214,215,0.01639,50.6241905953896,5.46122783174525,50.6231954060975,5.47994555986613,0.08469,0.0683,2020.23748278688,2020.25387278688,2935000
214,217,0.00545999999999999,50.6241905953896,5.46122783174525,50.6252033354551,5.48367552771111,0.07376,0.0683,2020.23748278688,2020.24294278688,2935000
215,197,0.0029578142116273,50.6231954060975,5.47994555986613,50.6143978698341,5.4940185807809,0.0876478142116273,0.08469,2020.25387278688,2020.2568306011,2935000
215,216,0.00294,50.6231954060975,5.47994555986613,50.5626549113032,5.53465618218744,0.08763,0.08469,2020.25387278688,2020.25681278688,2935000
216,198,1.7814211137307e-05,50.5626549113032,5.53465618218744,50.6277216619759,5.65949355845186,0.0876478142111373,0.08763,2020.25681278688,2020.2568306011,2935000
216,199,0.00548229508562731,50.5626549113032,5.53465618218744,50.6013698134109,5.53354606737951,0.0931122950856273,0.08763,2020.25681278688,2020.26229508197,2935000
217,200,0.00295885246262731,50.6252033354551,5.48367552771111,50.6207120931427,5.64254201457805,0.0767188524626273,0.07376,2020.24294278688,2020.24590163935,2935000
217,201,0.0166200546436273,50.6252033354551,5.48367552771111,50.6451410306837,5.35671124164914,0.0903800546436273,0.07376,2020.24294278688,2020.25956284153,2935000
221,218,0.00295781421393667,50.6142919748254,5.51435445325215,50.6143978698341,5.4940185807809,0.00295781421393667,0,2020.25387278688,2020.2568306011,2935000
221,222,0.00294,50.6142919748254,5.51435445325215,50.6278714495959,5.66283933314549,0.00294,0,2020.25387278688,2020.25681278688,2935000
222,219,1.78142134466732e-05,50.6278714495959,5.66283933314549,50.6277216619759,5.65949355845186,0.00295781421344667,0.00294,2020.25681278688,2020.2568306011,2935000
222,220,0.00548229508793667,50.6278714495959,5.66283933314549,50.6013698134109,5.53354606737951,0.00842229508793667,0.00294,2020.25681278688,2020.26229508197,2935000
227,223,0.05064333333,50.8526214323484,2.8605148994064,50.8340569669118,2.84870744039106,0.05064333333,0,2020.20072278689,2020.25136612022,2935000
227,228,0.02875,50.8526214323484,2.8605148994064,50.8523378973349,2.86060933377862,0.02875,0,2020.20072278689,2020.22947278689,2935000
228,224,3.54098360199999e-05,50.8523378973349,2.86060933377862,51.3186287312279,3.13655729844734,0.02878540983602,0.02875,2020.22947278689,2020.22950819673,2935000
228,229,0.0082,50.8523378973349,2.86060933377862,50.8460957483961,3.58631399011911,0.03695,0.02875,2020.22947278689,2020.23767278689,2935000
229,225,3.21311473999997e-05,50.8460957483961,3.58631399011911,50.8498028648138,3.59038851161805,0.0369821311474,0.03695,2020.23767278689,2020.23770491804,2935000
229,226,0.008228852459,50.8460957483961,3.58631399011911,50.5230296991399,5.44516161573195,0.045178852459,0.03695,2020.23767278689,2020.24590163935,2935000
235,234,0.0767763544560485,51.3974822171079,4.79376034286458,51.3191152826736,4.46951409618361,0.0767763544560485,0,2020.16912528488,2020.24590163934,14675000
235,236,0.000327501999999993,51.3974822171079,4.79376034286458,51.3977073248478,4.79374976206612,0.000327501999999993,0,2020.16912528488,2020.16945278688,14675000
236,233,0.0463942076460485,51.3977073248478,4.79374976206612,51.3797682020962,4.77409660864857,0.0467217096460485,0.000327501999999993,2020.16945278688,2020.21584699453,14675000
236,237,0.06001,51.3977073248478,4.79374976206612,51.3921686716337,4.79459982688831,0.060337502,0.000327501999999993,2020.16945278688,2020.22946278688,14675000
237,230,4.54098320685076e-05,51.3921686716337,4.79459982688831,50.3845981378666,4.58821994804288,0.0603829118320685,0.060337502,2020.22946278688,2020.22950819672,14675000
237,238,0.01086,51.3921686716337,4.79459982688831,51.1328782529197,4.6728687798541,0.071197502,0.060337502,2020.22946278688,2020.24032278688,14675000
238,231,0.00011437158084851,51.1328782529197,4.6728687798541,51.1715965234056,4.63544076335145,0.0713118735808485,0.071197502,2020.24032278688,2020.24043715846,14675000
238,232,0.00284661201804851,51.1328782529197,4.6728687798541,51.1329769245972,4.67282580785192,0.0740441140180485,0.071197502,2020.24032278688,2020.2431693989,14675000
244,243,0.0967747726675596,50.6206755973789,5.46877985075429,50.6055594534458,5.39111481080688,0.0967747726675596,0,2020.16825254973,2020.2650273224,2935000
244,245,0.000260237157400006,50.6206755973789,5.46877985075429,50.6205318946052,5.4657958080718,0.000260237157400006,0,2020.16825254973,2020.16851278689,2935000
245,239,0.0910500546275596,50.6205318946052,5.4657958080718,50.5644907638333,5.83377120324995,0.0913102917849596,0.000260237157400006,2020.16851278689,2020.25956284152,2935000
245,246,0.0744,50.6205318946052,5.4657958080718,50.6190168717245,5.44311914204094,0.0746602371574,0.000260237157400006,2020.16851278689,2020.24291278689,2935000
246,240,0.000256612009459617,50.6190168717245,5.44311914204094,50.3223048484,5.99597062557891,0.0749168491668596,0.0746602371574,2020.24291278689,2020.2431693989,2935000
246,247,0.00294,50.6190168717245,5.44311914204094,50.6191286323193,5.43881284198288,0.0776002371574,0.0746602371574,2020.24291278689,2020.24585278689,2935000
247,241,0.0164422950675596,50.6191286323193,5.43881284198288,50.6271322267042,5.59539996797603,0.0940425322249596,0.0776002371574,2020.24585278689,2020.26229508196,2935000
247,242,4.88524465696166e-05,50.6191286323193,5.43881284198288,50.6191433439467,5.43583414912703,0.0776490896039696,0.0776002371574,2020.24585278689,2020.24590163934,2935000
263,266,0.000101990240599981,50.9532799213885,4.90772399866317,51.003048165131,4.98584685633243,0.000101990240599981,0,2020.13812079667,2020.13822278691,2935000
263,264,0.000101990240599981,50.9532799213885,4.90772399866317,51.003048165131,4.98584685633243,0.000101990240599981,0,2020.13812079667,2020.13822278691,2935000
264,248,0.104946611980112,51.003048165131,4.98584685633243,50.8446204024933,4.99621595812312,0.105048602220712,0.000101990240599981,2020.13822278691,2020.24316939889,2935000
264,265,0.13366,51.003048165131,4.98584685633243,50.9502341461133,4.43965682445642,0.1337619902406,0.000101990240599981,2020.13822278691,2020.27188278691,2935000
265,249,0.0723795081801121,50.9502341461133,4.43965682445642,50.5931727573146,3.95211461937487,0.206141498420712,0.1337619902406,2020.27188278691,2020.34426229509,2935000
265,250,0.0751117486101121,50.9502341461133,4.43965682445642,51.2352935720704,4.74641554084685,0.208873738850712,0.1337619902406,2020.27188278691,2020.34699453552,2935000
266,251,0.0885531693801122,51.003048165131,4.98584685633243,51.0612552351194,5.18129069726626,0.0886551596207121,0.000101990240599981,2020.13822278691,2020.22677595629,2935000
266,267,0.04062,51.003048165131,4.98584685633243,51.0859644729069,5.12333572343164,0.0407219902406,0.000101990240599981,2020.13822278691,2020.17884278691,2935000
267,268,0.00304000000000004,51.0859644729069,5.12333572343164,50.9272595382234,4.86666043126541,0.0437619902406,0.0407219902406,2020.17884278691,2020.18188278691,2935000
267,252,0.0506654098201122,51.0859644729069,5.12333572343164,50.821632735808,4.62062919481507,0.0913874000607121,0.0407219902406,2020.17884278691,2020.22950819673,2935000
268,271,0.02299,50.9272595382234,4.86666043126541,50.8867274308751,4.94123192333105,0.0667519902406,0.0437619902406,2020.18188278691,2020.20487278691,2935000
268,269,0.05296638545,50.9272595382234,4.86666043126541,50.9722005480706,5.74745838768668,0.0967283756906,0.0437619902406,2020.18188278691,2020.23484917236,2935000
269,270,7.36145452899933e-05,50.9722005480706,5.74745838768668,50.9987856064053,5.7469865001632,0.09680199023589,0.0967283756906,2020.23484917236,2020.23492278691,2935000
269,255,0.0110524669801121,50.9722005480706,5.74745838768668,50.5540794337646,5.43529377499747,0.107780842670712,0.0967283756906,2020.23484917236,2020.24590163934,2935000
270,253,4.98906903821511e-05,50.9987856064053,5.7469865001632,50.9984878227091,5.73684226374079,0.0968518809262721,0.09680199023589,2020.23492278691,2020.2349726776,2935000
270,254,0.0301045355001121,50.9987856064053,5.7469865001632,50.50699863456,5.52925756458174,0.126906525736002,0.09680199023589,2020.23492278691,2020.26502732241,2935000
271,256,0.0410288524401121,50.8867274308751,4.94123192333105,50.8911143305201,4.68201288633023,0.107780842680712,0.0667519902406,2020.20487278691,2020.24590163935,2935000
271,272,0.00819999999999999,50.8867274308751,4.94123192333105,50.9685849688111,4.91668125076019,0.0749519902406,0.0667519902406,2020.20487278691,2020.21307278691,2935000
272,257,4.1967193152137e-05,50.9685849688111,4.91668125076019,50.9710868084388,4.93222532773038,0.0749939574337521,0.0749519902406,2020.21307278691,2020.2131147541,2935000
272,273,0.01072,50.9685849688111,4.91668125076019,50.8496452197061,5.1179848403414,0.0856719902406,0.0749519902406,2020.21307278691,2020.22379278691,2935000
273,274,0.00294,50.8496452197061,5.1179848403414,50.8406094589861,5.05868658254376,0.0886119902406,0.0856719902406,2020.22379278691,2020.22673278691,2935000
273,275,0.00566999999999999,50.8496452197061,5.1179848403414,50.800143844893,5.23440015209834,0.0913419902406,0.0856719902406,2020.22379278691,2020.22946278691,2935000
274,258,4.31693790021448e-05,50.8406094589861,5.05868658254376,50.8407523428779,5.06709968902765,0.0886551596196021,0.0886119902406,2020.22673278691,2020.22677595629,2935000
274,259,4.31693790021448e-05,50.8406094589861,5.05868658254376,50.874182398962,5.2427200764834,0.0886551596196021,0.0886119902406,2020.22673278691,2020.22677595629,2935000
275,260,4.54098161321442e-05,50.800143844893,5.23440015209834,50.8071906732129,5.24082913946331,0.0913874000567321,0.0913419902406,2020.22946278691,2020.22950819673,2935000
275,276,0.01093,50.800143844893,5.23440015209834,50.9042923276637,4.71485074349453,0.1022719902406,0.0913419902406,2020.22946278691,2020.24039278691,2935000
276,261,0.0246345355001122,50.9042923276637,4.71485074349453,50.9367247803297,5.22799527601528,0.126906525740712,0.1022719902406,2020.24039278691,2020.26502732241,2935000
276,262,4.43715648621446e-05,50.9042923276637,4.71485074349453,50.9007538453849,4.70707504217378,0.102316361805462,0.1022719902406,2020.24039278691,2020.24043715847,2935000
284,277,0.0569881186895,51.0670753895002,5.02311706236345,51.0585562475152,5.04139886810748,0.0569881186895,0,2020.18618128022,2020.24316939891,2935000
284,285,0.000503052210500003,51.0670753895002,5.02311706236345,50.9479267002283,4.77226361129293,0.000503052210500003,0,2020.18618128022,2020.18668433243,2935000
285,286,0.03433845446,50.9479267002283,4.77226361129293,51.0641395788647,3.70036049634916,0.0348415066705,0.000503052210500003,2020.18668433243,2020.22102278689,2935000
285,283,0.0564850664795,50.9479267002283,4.77226361129293,50.9535597882783,4.78541777078954,0.05698811869,0.000503052210500003,2020.18668433243,2020.24316939891,2935000
286,287,0.00571,51.0641395788647,3.70036049634916,51.0642569636597,3.69582292937931,0.0405515066705,0.0348415066705,2020.22102278689,2020.22673278689,2935000
286,289,0.00823,51.0641395788647,3.70036049634916,51.0691814143019,3.6901662353047,0.0430715066705,0.0348415066705,2020.22102278689,2020.22925278689,2935000
287,278,4.31693983899903e-05,51.0642569636597,3.69582292937931,51.0646205238717,3.69486148505592,0.04059467606889,0.0405515066705,2020.22673278689,2020.22677595629,2935000
287,288,0.01093,51.0642569636597,3.69582292937931,50.9046808435206,4.43622465419148,0.0514815066705,0.0405515066705,2020.22673278689,2020.23766278689,2935000
288,279,4.2131146899993e-05,50.9046808435206,4.43622465419148,50.9036047638625,4.43665173382546,0.0515236378174,0.0514815066705,2020.23766278689,2020.23770491804,2935000
288,280,0.00277437158449999,50.9046808435206,4.43622465419148,51.0325247767335,3.922481252155,0.054255878255,0.0514815066705,2020.23766278689,2020.24043715847,2935000
289,281,0.0139166120195,51.0691814143019,3.6901662353047,51.0362111029675,3.74903624339158,0.05698811869,0.0430715066705,2020.22925278689,2020.24316939891,2935000
289,282,0.0139166120195,51.0691814143019,3.6901662353047,50.6504736674873,3.97905050067905,0.05698811869,0.0430715066705,2020.22925278689,2020.24316939891,2935000
294,295,0.00294,50.880835211407,4.73801596016913,50.9319032616215,4.77968002413513,0.00294,0,2020.16368278689,2020.16662278689,2935000
294,296,0.01114,50.880835211407,4.73801596016913,50.8483719715365,4.69548772137761,0.01114,0,2020.16368278689,2020.17482278689,2935000
295,290,4.38797800742536e-05,50.9319032616215,4.77968002413513,50.9237116981134,4.84270562344407,0.00298387978007425,0.00294,2020.16662278689,2020.16666666667,2935000
295,291,4.38797800742536e-05,50.9319032616215,4.77968002413513,50.9325160381342,4.78006827825731,0.00298387978007425,0.00294,2020.16662278689,2020.16666666667,2935000
296,292,4.06010914542534e-05,50.8483719715365,4.69548772137761,50.8331030368201,3.11830119275788,0.0111806010914543,0.01114,2020.17482278689,2020.17486338798,2935000
296,293,4.06010914542534e-05,50.8483719715365,4.69548772137761,50.8475692436572,4.69476998906005,0.0111806010914543,0.01114,2020.17482278689,2020.17486338798,2935000
312,313,0.000509043528400005,50.7469431166269,4.5145032614104,50.7407108477967,4.49455788365866,0.000509043528400005,0,2020.06708374338,2020.06759278691,2935000
312,317,0.05712904353,50.7469431166269,4.5145032614104,50.7875751067534,4.78673794493234,0.05712904353,0,2020.06708374338,2020.12421278691,2935000
313,297,0.175576612,50.7407108477967,4.49455788365866,51.1038277206883,3.64657367475912,0.1760856555284,0.000509043528400005,2020.06759278691,2020.24316939891,2935000
313,314,0.05766180901,50.7407108477967,4.49455788365866,50.8635942532589,4.64168152677742,0.0581708525384,0.000509043528400005,2020.06759278691,2020.12525459592,2935000
314,315,0.000258190985400003,50.8635942532589,4.64168152677742,50.8659893418982,4.65507149625695,0.0584290435238,0.0581708525384,2020.12525459592,2020.12551278691,2935000
314,316,0.05228819099,50.8635942532589,4.64168152677742,50.8969580137707,4.68663139482971,0.1104590435284,0.0581708525384,2020.12525459592,2020.17754278691,2935000
315,298,0.0794052459,50.8659893418982,4.65507149625695,50.7536916729519,4.56780185832496,0.1378342894238,0.0584290435238,2020.12551278691,2020.20491803281,2935000
315,299,0.05208284153,50.8659893418982,4.65507149625695,50.7546954374384,3.56198642667646,0.1105118850538,0.0584290435238,2020.12551278691,2020.17759562844,2935000
316,300,0.008249562842,50.8969580137707,4.68663139482971,51.2012237251109,5.57879880522189,0.1187086063704,0.1104590435284,2020.17754278691,2020.18579234975,2935000
316,301,5.28415299400065e-05,50.8969580137707,4.68663139482971,50.8955327040308,4.66735162934841,0.11051188505834,0.1104590435284,2020.17754278691,2020.17759562844,2935000
317,302,0.05065060109,50.7875751067534,4.78673794493234,50.3921193298501,4.12063076643565,0.10777964462,0.05712904353,2020.12421278691,2020.174863388,2935000
317,318,0.01493,50.7875751067534,4.78673794493234,50.932633118696,4.80292879409475,0.07205904353,0.05712904353,2020.12421278691,2020.13914278691,2935000
318,303,0.1012943716,50.932633118696,4.80292879409475,51.1897092320037,5.48942486164283,0.17335341513,0.07205904353,2020.13914278691,2020.24043715851,2935000
318,319,0.01329,50.932633118696,4.80292879409475,50.9453164445374,4.85886041171568,0.08534904353,0.07205904353,2020.13914278691,2020.15243278691,2935000
319,304,0.08527213115,50.9453164445374,4.85886041171568,50.9659239882562,5.02239305062709,0.17062117468,0.08534904353,2020.15243278691,2020.23770491806,2935000
319,320,0.00278,50.9453164445374,4.85886041171568,50.9337367713964,4.86607959003925,0.08812904353,0.08534904353,2020.15243278691,2020.15521278691,2935000
320,321,0.00285000000000001,50.9337367713964,4.86607959003925,50.9538091178625,4.85644104349519,0.09097904353,0.08812904353,2020.15521278691,2020.15806278691,2935000
320,305,0.01965060109,50.9337367713964,4.86607959003925,51.1237206911738,5.59123011971755,0.10777964462,0.08812904353,2020.15521278691,2020.174863388,2935000
321,306,0.00587163934399999,50.9538091178625,4.85644104349519,50.847213005711,4.34291234984499,0.096850682874,0.09097904353,2020.15806278691,2020.16393442626,2935000
321,322,0.00286,50.9538091178625,4.85644104349519,50.8819362873923,4.72294905515904,0.09383904353,0.09097904353,2020.15806278691,2020.16092278691,2935000
322,307,0.00574387978099999,50.8819362873923,4.72294905515904,50.898605224561,4.7131187060332,0.099582923311,0.09383904353,2020.16092278691,2020.16666666669,2935000
322,323,0.00279,50.8819362873923,4.72294905515904,50.8832666334729,4.75004664703301,0.09662904353,0.09383904353,2020.16092278691,2020.16371278691,2935000
323,308,0.01115060109,50.8832666334729,4.75004664703301,51.2701062272155,5.44438242678205,0.10777964462,0.09662904353,2020.16371278691,2020.174863388,2935000
323,324,0.0029,50.8832666334729,4.75004664703301,50.8851631269384,4.75353620695119,0.09952904353,0.09662904353,2020.16371278691,2020.16661278691,2935000
324,325,0.06831,50.8851631269384,4.75353620695119,50.9058851643053,5.4655676650487,0.16783904353,0.09952904353,2020.16661278691,2020.23492278691,2935000
324,309,5.38797814400027e-05,50.8851631269384,4.75353620695119,50.8825142352722,4.75377164292253,0.09958292331144,0.09952904353,2020.16661278691,2020.16666666669,2935000
325,310,0.00278213114699999,50.9058851643053,5.4655676650487,51.0644845026118,5.65568949929556,0.170621174677,0.16783904353,2020.23492278691,2020.23770491806,2935000
325,311,4.98907102700064e-05,50.9058851643053,5.4655676650487,50.9068361053005,5.46253837902618,0.16788893424027,0.16783904353,2020.23492278691,2020.23497267762,2935000
331,332,0.00845,50.6270498580807,5.60488364957122,50.6028173354986,5.61949014938824,0.00845,0,2020.19642278689,2020.20487278689,2935000
331,333,0.00278,50.6270498580807,5.60488364957122,50.6289015193052,5.58270535062976,0.00278,0,2020.19642278689,2020.19920278689,2935000
332,326,4.5245903342192e-05,50.6028173354986,5.61949014938824,50.6027357632064,5.61956165531554,0.00849524590334219,0.00845,2020.20487278689,2020.20491803279,2935000
332,327,0.0546900546416822,50.6028173354986,5.61949014938824,50.657158611275,5.53281228542395,0.0631400546416822,0.00845,2020.20487278689,2020.25956284153,2935000
333,328,0.0029830054666822,50.6289015193052,5.58270535062976,50.6335722090215,5.56595473065745,0.00576300546668219,0.00278,2020.19920278689,2020.20218579235,2935000
333,334,0.00294000000000001,50.6289015193052,5.58270535062976,50.6273845350928,5.58276569635025,0.00572,0.00278,2020.19920278689,2020.20214278689,2935000
334,329,4.30054662121926e-05,50.6273845350928,5.58276569635025,50.6313762447039,5.63279049506539,0.0057630054662122,0.00572,2020.20214278689,2020.20218579235,2935000
334,330,4.30054662121926e-05,50.6273845350928,5.58276569635025,50.6252422051907,5.58579708672212,0.0057630054662122,0.00572,2020.20214278689,2020.20218579235,2935000
338,337,0.0433006010867869,50.9983668446373,5.33064970203846,51.0361841818173,5.40753682016041,0.0433006010867869,0,2020.13156278688,2020.17486338797,2935000
338,339,0.04589,50.9983668446373,5.33064970203846,50.9992263694167,5.33203719864359,0.04589,0,2020.13156278688,2020.17745278688,2935000
339,335,0.00287508196378689,50.9992263694167,5.33203719864359,50.9871540651486,5.35240200892822,0.0487650819637869,0.04589,2020.17745278688,2020.18032786885,2935000
339,336,0.0110718032767869,50.9992263694167,5.33203719864359,50.9987920348733,5.33122543277211,0.0569618032767869,0.04589,2020.17745278688,2020.18852459016,2935000
347,350,0.05301996271,50.5690891687995,5.44486647106321,50.625697948094,5.52424773875869,0.05301996271,0,2020.15985278689,2020.2128727496,2935000
347,348,0.09945,50.5690891687995,5.44486647106321,50.5723958937114,5.43291980742863,0.09945,0,2020.15985278689,2020.25930278689,2935000
348,340,0.000260054643039034,50.5723958937114,5.43291980742863,50.5719355387216,5.43189734243337,0.099710054643039,0.09945,2020.25930278689,2020.25956284153,2935000
348,349,0.00294,50.5723958937114,5.43291980742863,50.5726269923979,5.49600571436328,0.10239,0.09945,2020.25930278689,2020.26224278689,2935000
349,341,5.22950804290462e-05,50.5726269923979,5.49600571436328,50.5730648918078,5.49772614705816,0.102442295080429,0.10239,2020.26224278689,2020.26229508197,2935000
349,342,5.22950804290462e-05,50.5726269923979,5.49600571436328,50.5579092128402,5.50472300373273,0.102442295080429,0.10239,2020.26224278689,2020.26229508197,2935000
350,346,0.033028889748439,50.625697948094,5.52424773875869,50.6302984820065,5.91792361587565,0.086048852458439,0.05301996271,2020.2128727496,2020.24590163934,2935000
350,351,0.000190037286299988,50.625697948094,5.52424773875869,50.622738097815,5.51277507110743,0.0532099999963,0.05301996271,2020.2128727496,2020.21306278688,2935000
351,343,5.19672114790565e-05,50.622738097815,5.51277507110743,50.6216711116773,5.50996194376714,0.053261967207779,0.0532099999963,2020.21306278688,2020.21311475409,2935000
351,352,0.06234,50.622738097815,5.51277507110743,50.7113875924214,5.64957786063207,0.1155499999963,0.0532099999963,2020.21306278688,2020.27540278688,2935000
352,345,0.019679180328439,50.7113875924214,5.64957786063207,50.7162938290719,5.63655680168539,0.135229180324739,0.1155499999963,2020.27540278688,2020.29508196721,2935000
352,344,0.019679180328439,50.7113875924214,5.64957786063207,50.7087336442161,5.64681272714181,0.135229180324739,0.1155499999963,2020.27540278688,2020.29508196721,2935000
358,359,0.000611301918599996,51.0712207250799,4.33910709975014,51.0727431701084,4.33116972286029,0.000611301918599996,0,2020.19430148497,2020.19491278689,2935000
358,361,0.000611301918599996,51.0712207250799,4.33910709975014,51.0727431701084,4.33116972286029,0.000611301918599996,0,2020.19430148497,2020.19491278689,2935000
359,353,0.040059890700057,51.0727431701084,4.33116972286029,50.8444767414481,2.67765658169026,0.040671192618657,0.000611301918599996,2020.19491278689,2020.23497267759,2935000
359,360,0.05365,51.0727431701084,4.33116972286029,51.0810892719474,4.29900534145792,0.0542613019186,0.000611301918599996,2020.19491278689,2020.24856278689,2935000
360,354,7.10928861870075e-05,51.0810892719474,4.29900534145792,51.0810812057926,4.30023011007593,0.054332394804787,0.0542613019186,2020.24856278689,2020.24863387978,2935000
360,355,0.019196775950057,51.0810892719474,4.29900534145792,51.1500078466477,4.28835048237744,0.073458077868657,0.0542613019186,2020.24856278689,2020.26775956284,2935000
361,356,0.067382295070057,51.0727431701084,4.33116972286029,51.0500247345026,4.2267505484295,0.067993596988657,0.000611301918599996,2020.19491278689,2020.26229508196,2935000
361,357,0.053721092890057,51.0727431701084,4.33116972286029,51.0445966928199,4.37661937550728,0.054332394808657,0.000611301918599996,2020.19491278689,2020.24863387978,2935000
367,362,0.0354454071499304,50.3517110232662,3.93279284060542,50.345697966837,3.93308605810901,0.0354454071499304,0,2020.17493710652,2020.21038251367,2935000
367,368,0.02301568036,50.3517110232662,3.93279284060542,50.4014190328244,3.82771517697622,0.02301568036,0,2020.17493710652,2020.19795278688,2935000
368,363,0.0506810929099304,50.4014190328244,3.82771517697622,50.7493831114064,2.85697291337183,0.0736967732699304,0.02301568036,2020.19795278688,2020.24863387979,2935000
368,369,0.02582,50.4014190328244,3.82771517697622,50.4045411688097,3.82465080761983,0.04883568036,0.02301568036,2020.19795278688,2020.22377278688,2935000
369,366,0.00300316940893037,50.4045411688097,3.82465080761983,50.4338011919442,4.34243362405071,0.0518388497689304,0.04883568036,2020.22377278688,2020.22677595629,2935000
369,370,0.00567,50.4045411688097,3.82465080761983,50.4059141660604,3.82642488797393,0.05450568036,0.04883568036,2020.22377278688,2020.22944278688,2935000
370,364,6.54098459503677e-05,50.4059141660604,3.82642488797393,50.4058005348727,3.82613626376432,0.0545710902059504,0.05450568036,2020.22944278688,2020.22950819673,2935000
370,365,0.0246555737799304,50.4059141660604,3.82642488797393,50.4421143768595,5.58633345656,0.0791612541399304,0.05450568036,2020.22944278688,2020.25409836066,2935000
377,378,0.000523443665199991,50.6177377427567,5.62308258187748,50.6177673035951,5.6232058499507,0.000523443665199991,0,2020.1858293432,2020.18635278687,2935000
377,376,0.06826901744,50.6177377427567,5.62308258187748,50.6300874287664,5.63163978791264,0.06826901744,0,2020.1858293432,2020.25409836064,2935000
378,371,0.1715707104,50.6177673035951,5.6232058499507,50.5051955969739,5.97898291632829,0.1720941540652,0.000523443665199991,2020.18635278687,2020.35792349727,2935000
378,379,0.02669,50.6177673035951,5.6232058499507,50.6130812393064,5.56827239095435,0.0272134436652,0.000523443665199991,2020.18635278687,2020.21304278687,2935000
379,372,7.19672130399807e-05,50.6130812393064,5.56827239095435,50.613628900356,5.56870524799834,0.02728541087824,0.0272134436652,2020.21304278687,2020.21311475408,2935000
379,380,0.02981,50.6130812393064,5.56827239095435,50.624995362773,5.57545811909806,0.0570234436652,0.0272134436652,2020.21304278687,2020.24285278687,2935000
380,373,0.05222918033,50.624995362773,5.57545811909806,50.5458399442807,5.53906287911379,0.1092526239952,0.0570234436652,2020.24285278687,2020.2950819672,2935000
380,381,0.00298,50.624995362773,5.57545811909806,50.6280930224881,5.57793228619465,0.0600034436652,0.0570234436652,2020.24285278687,2020.24583278687,2935000
381,374,0.04924918033,50.6280930224881,5.57793228619465,50.5429729501894,5.53197323131051,0.1092526239952,0.0600034436652,2020.24583278687,2020.2950819672,2935000
381,375,6.88524590100048e-05,50.6280930224881,5.57793228619465,50.6284671028717,5.57831835076791,0.06007229612421,0.0600034436652,2020.24583278687,2020.24590163933,2935000
385,384,0.00300060109282,50.7527624538931,4.29343280124836,50.4579764090899,4.04820504826707,0.00300060109282,0,2020.17186278689,2020.17486338798,2935000
385,386,0.00294,50.7527624538931,4.29343280124836,50.761470309014,4.3014627187072,0.00294,0,2020.17186278689,2020.17480278689,2935000
386,382,6.06010926399998e-05,50.761470309014,4.3014627187072,51.4168730485852,4.41211731478264,0.00300060109264,0.00294,2020.17480278689,2020.17486338798,2935000
386,383,6.06010926399998e-05,50.761470309014,4.3014627187072,50.7615811708067,4.30159652698774,0.00300060109264,0.00294,2020.17480278689,2020.17486338798,2935000
396,397,0.008472832226,50.6494832122723,5.57673978897173,50.6568371704666,5.5910707410446,0.008472832226,0,2020.20177995466,2020.21025278688,2935000
396,402,0.000179994027199995,50.6494832122723,5.57673978897173,50.5674564333877,5.66613596564782,0.000179994027199995,0,2020.20177995466,2020.20195994868,2935000
397,387,0.00832644808278739,50.6568371704666,5.5910707410446,50.6043189475127,5.53740866490336,0.0167992803087874,0.008472832226,2020.21025278688,2020.21857923497,2935000
397,398,0.00282,50.6568371704666,5.5910707410446,50.6580276225504,5.59778870640627,0.011292832226,0.008472832226,2020.21025278688,2020.21307278688,2935000
398,388,4.19672088273898e-05,50.6580276225504,5.59778870640627,50.6583459530839,5.59838401532706,0.0113347994348274,0.011292832226,2020.21307278688,2020.21311475409,2935000
398,399,0.0082,50.6580276225504,5.59778870640627,50.616632591472,5.51046264391013,0.019492832226,0.011292832226,2020.21307278688,2020.22127278688,2935000
399,400,0.01906,50.616632591472,5.51046264391013,50.6987342273811,5.4689232248586,0.038552832226,0.019492832226,2020.22127278688,2020.24033278688,2935000
399,389,3.86885204273768e-05,50.616632591472,5.51046264391013,50.6149981208948,5.50733616309191,0.0195315207464274,0.019492832226,2020.22127278688,2020.2213114754,2935000
400,401,0.0028,50.6987342273811,5.4689232248586,50.7020249743383,5.47093919824638,0.041352832226,0.038552832226,2020.24033278688,2020.24313278688,2935000
400,390,0.00283661201778738,50.6987342273811,5.4689232248586,50.6959049589841,5.46152870369264,0.0413894442437874,0.038552832226,2020.24033278688,2020.2431693989,2935000
401,391,0.0109655737657874,50.7020249743383,5.47093919824638,50.7229910794802,5.47370463751912,0.0523184059917874,0.041352832226,2020.24313278688,2020.25409836065,2935000
401,392,3.66120176673868e-05,50.7020249743383,5.47093919824638,50.5202216515999,5.06126512012596,0.0413894442436674,0.041352832226,2020.24313278688,2020.2431693989,2935000
402,393,0.0931220185257874,50.5674564333877,5.66613596564782,50.522842077667,5.49412086190841,0.0933020125529874,0.000179994027199995,2020.20195994868,2020.29508196721,2935000
402,403,0.000182838199200008,50.5674564333877,5.66613596564782,50.5694298923483,5.66422028303682,0.000362832226400003,0.000179994027199995,2020.20195994868,2020.20214278688,2935000
403,395,4.30054603173802e-05,50.5694298923483,5.66422028303682,50.5693307849134,5.66385764272176,0.000405837686717384,0.000362832226400003,2020.20214278688,2020.20218579234,2935000
403,394,0.0410266120157874,50.5694298923483,5.66422028303682,50.4856902625203,5.86861021567757,0.0413894442421874,0.000362832226400003,2020.20214278688,2020.2431693989,2935000
408,404,0.00297939891390979,50.885825042787,4.71215315001437,50.8860190639568,4.70776923611088,0.00297939891390979,0,2020.15822278688,2020.1612021858,2935000
408,409,0.00287,50.885825042787,4.71215315001437,50.8146083166104,4.35266002829844,0.00287,0,2020.15822278688,2020.16109278688,2935000
409,405,0.0137706010969098,50.8146083166104,4.35266002829844,50.8152559805364,4.35508655072906,0.0166406010969098,0.00287,2020.16109278688,2020.17486338798,2935000
409,410,0.07094,50.8146083166104,4.35266002829844,50.4014955773493,4.52054445231021,0.07381,0.00287,2020.16109278688,2020.23203278688,2935000
410,406,0.000207650280009797,50.4014955773493,4.52054445231021,50.4015993152202,4.5249298148967,0.0740176502800098,0.07381,2020.23203278688,2020.23224043716,2935000
410,407,0.0029398907169098,50.4014955773493,4.52054445231021,50.3994050971634,4.47392872974104,0.0767498907169098,0.07381,2020.23203278688,2020.2349726776,2935000
416,417,0.000593717496999997,50.6123331102692,4.0376216069275,50.6101572525038,4.03584137554324,0.000593717496999997,0,2020.18509906938,2020.18569278688,2935000
416,419,0.0415737175,50.6123331102692,4.0376216069275,50.6121166182508,4.02682637232053,0.0415737175,0,2020.18509906938,2020.22667278688,2935000
417,413,9.95628485009267e-05,50.6101572525038,4.03584137554324,50.7323189034217,3.71767494805523,0.000693280345500924,0.000593717496999997,2020.18569278688,2020.18579234973,2935000
417,418,0.0261,50.6101572525038,4.03584137554324,50.611505468283,4.03265117319762,0.026693717497,0.000593717496999997,2020.18569278688,2020.21179278688,2935000
418,411,0.0149831694069509,50.611505468283,4.03265117319762,50.6368085182399,3.99458805973524,0.0416768869039509,0.026693717497,2020.21179278688,2020.22677595629,2935000
418,412,0.0177154098469509,50.611505468283,4.03265117319762,50.8335495177886,4.86939865500712,0.0444091273439509,0.026693717497,2020.21179278688,2020.22950819673,2935000
419,414,0.000103169405850922,50.6121166182508,4.02682637232053,50.6115697529232,4.0272814158555,0.0416768869058509,0.0415737175,2020.22667278688,2020.22677595629,2935000
419,415,0.0137643715869509,50.6121166182508,4.02682637232053,50.6106600075017,3.83589393809733,0.0553380890869509,0.0415737175,2020.22667278688,2020.24043715847,2935000
446,447,0.001120745029,50.5999188171511,5.87844734384702,50.6026860814354,5.82888196715566,0.001120745029,0,2020.11770381934,2020.11882456436,2935000
446,445,0.109072136999618,50.5999188171511,5.87844734384702,50.6015269351889,5.92308003144051,0.109072136999618,0,2020.11770381934,2020.22677595633,2935000
447,448,0.0005982225259,50.6026860814354,5.82888196715566,50.6062143677851,5.83594691400262,0.0017189675549,0.001120745029,2020.11882456436,2020.11942278689,2935000
447,469,0.05483822253,50.6026860814354,5.82888196715566,50.635611493484,5.72512856574065,0.055958967559,0.001120745029,2020.11882456436,2020.17366278689,2935000
448,468,0.14829,50.6062143677851,5.83594691400262,50.6064358299383,5.87337934958408,0.1500089675549,0.0017189675549,2020.11942278689,2020.26771278689,2935000
448,449,0.02316893017,50.6062143677851,5.83594691400262,50.6005052061135,5.68538571106616,0.0248878977249,0.0017189675549,2020.11942278689,2020.14259171706,2935000
449,420,0.0322716709196176,50.6005052061135,5.68538571106616,50.5260610215677,5.51735288951639,0.0571595686445175,0.0248878977249,2020.14259171706,2020.17486338798,2935000
449,450,0.000597232514900015,50.6005052061135,5.68538571106616,50.5918969464633,5.69019227739928,0.0254851302398,0.0248878977249,2020.14259171706,2020.14318894957,2935000
450,451,0.01694383732,50.5918969464633,5.69019227739928,50.609110637742,5.73112061611592,0.0424289675598,0.0254851302398,2020.14318894957,2020.16013278689,2935000
450,462,0.000109576117099996,50.5918969464633,5.69019227739928,50.5927986384227,5.68939855359038,0.0255947063569,0.0254851302398,2020.14318894957,2020.14329852569,2935000
451,452,0.05294,50.609110637742,5.73112061611592,50.6253212614182,5.7145806872126,0.0953689675598,0.0424289675598,2020.16013278689,2020.21307278689,2935000
451,453,0.00291,50.609110637742,5.73112061611592,50.6358168592132,5.61359642057099,0.0453389675598,0.0424289675598,2020.16013278689,2020.16304278689,2935000
452,421,0.0410255737696175,50.6253212614182,5.7145806872126,50.4865830365682,5.63012372511711,0.136394541329418,0.0953689675598,2020.21307278689,2020.25409836066,2935000
452,422,4.19672126575343e-05,50.6253212614182,5.7145806872126,50.6241121177962,5.70549372058775,0.0954109347724575,0.0953689675598,2020.21307278689,2020.21311475411,2935000
453,423,0.0118206010896175,50.6358168592132,5.61359642057099,50.6298994115576,5.84565599158373,0.0571595686494175,0.0453389675598,2020.16304278689,2020.17486338798,2935000
453,454,0.00613000000000002,50.6358168592132,5.61359642057099,50.6385118638143,5.83200415059938,0.0514689675598,0.0453389675598,2020.16304278689,2020.16917278689,2935000
454,424,0.0029583606556175,50.6385118638143,5.83200415059938,50.8532149039619,4.81460521169584,0.0544273282154175,0.0514689675598,2020.16917278689,2020.17213114755,2935000
454,455,0.00278999999999999,50.6385118638143,5.83200415059938,50.6495347048674,5.8448691114437,0.0542589675598,0.0514689675598,2020.16917278689,2020.17196278689,2935000
455,425,0.00290060109261753,50.6495347048674,5.8448691114437,50.6839243162896,5.22558271547523,0.0571595686524175,0.0542589675598,2020.17196278689,2020.17486338799,2935000
455,456,0.00284999999999999,50.6495347048674,5.8448691114437,50.6413980815832,5.83343653675343,0.0571089675598,0.0542589675598,2020.17196278689,2020.17481278689,2935000
456,426,5.06010924375411e-05,50.6413980815832,5.83343653675343,50.6413843422711,5.83273407055836,0.0571595686522375,0.0571089675598,2020.17481278689,2020.17486338799,2935000
456,457,0.01769,50.6413980815832,5.83343653675343,50.6708656049554,5.93925014244387,0.0747989675598,0.0571089675598,2020.17481278689,2020.19250278689,2935000
457,458,0.01219,50.6708656049554,5.93925014244387,50.6165875535668,5.51654615819595,0.0869889675598,0.0747989675598,2020.19250278689,2020.20469278689,2935000
457,427,0.0506666120196175,50.6708656049554,5.93925014244387,50.4702250598934,4.73607523968705,0.125465579579418,0.0747989675598,2020.19250278689,2020.24316939891,2935000
458,428,0.00295748633861753,50.6165875535668,5.51654615819595,50.4939087132637,5.03666872540343,0.0899464538984175,0.0869889675598,2020.20469278689,2020.20765027323,2935000
458,459,0.00291,50.6165875535668,5.51654615819595,50.6358168592132,5.61359642057099,0.0898989675598,0.0869889675598,2020.20469278689,2020.20760278689,2935000
459,429,4.74863383975455e-05,50.6358168592132,5.61359642057099,50.6358922324603,5.61084694188374,0.0899464538981976,0.0898989675598,2020.20760278689,2020.20765027323,2935000
459,460,0.03272,50.6358168592132,5.61359642057099,50.4149628253712,4.93019364679341,0.1226189675598,0.0898989675598,2020.20760278689,2020.24032278689,2935000
460,430,0.00011437158441753,50.4149628253712,4.93019364679341,50.4151950768462,4.92833071126086,0.122733339144218,0.1226189675598,2020.24032278689,2020.24043715848,2935000
460,461,0.0028,50.4149628253712,4.93019364679341,50.688621214912,5.22708880332694,0.1254189675598,0.1226189675598,2020.24032278689,2020.24312278689,2935000
461,432,0.0109755737696175,50.688621214912,5.22708880332694,50.5814684991356,5.54851815500445,0.136394541329418,0.1254189675598,2020.24312278689,2020.25409836066,2935000
461,431,4.66120214975274e-05,50.688621214912,5.22708880332694,50.6884706601616,5.22267433887025,0.125465579581298,0.1254189675598,2020.24312278689,2020.24316939892,2935000
462,463,0.000534261198399999,50.5927986384227,5.68939855359038,50.6013252882935,5.73446166922158,0.0261289675553,0.0255947063569,2020.14329852569,2020.14383278689,2935000
462,464,0.03234702726,50.5927986384227,5.68939855359038,50.5913156052177,5.62992327892196,0.0579417336169,0.0255947063569,2020.14329852569,2020.17564555295,2935000
463,434,0.121194535499618,50.6013252882935,5.73446166922158,50.4639144367276,5.71436280498793,0.147323503054918,0.0261289675553,2020.14383278689,2020.26502732239,2935000
463,433,0.208626229499618,50.6013252882935,5.73446166922158,50.6238846254935,5.59124417594656,0.234755197054918,0.0261289675553,2020.14383278689,2020.35245901639,2935000
464,465,0.000617233933700001,50.5913156052177,5.62992327892196,50.5870883419592,5.60502124620955,0.0585589675506,0.0579417336169,2020.17564555295,2020.17626278689,2935000
464,466,0.000617233933700001,50.5913156052177,5.62992327892196,50.5870883419592,5.60502124620955,0.0585589675506,0.0579417336169,2020.17564555295,2020.17626278689,2935000
465,435,0.0587098907096175,50.5870883419592,5.60502124620955,50.5676831684685,5.16262936615652,0.117268858260218,0.0585589675506,2020.17626278689,2020.2349726776,2935000
465,436,0.0368519672096175,50.5870883419592,5.60502124620955,50.5963929696684,5.59544328258155,0.0954109347602175,0.0585589675506,2020.17626278689,2020.2131147541,2935000
466,439,0.0696388524596175,50.5870883419592,5.60502124620955,50.5911760295597,5.5431868015257,0.128197820010218,0.0585589675506,2020.17626278689,2020.24590163935,2935000
466,467,0.0696,50.5870883419592,5.60502124620955,50.6583336205835,5.9663167158204,0.1281589675506,0.0585589675506,2020.17626278689,2020.24586278689,2935000
467,438,3.88524586275307e-05,50.6583336205835,5.9663167158204,50.6593110254898,5.97019076721355,0.128197820009228,0.1281589675506,2020.24586278689,2020.24590163934,2935000
467,437,0.0191645355196175,50.6583336205835,5.9663167158204,50.6051071022431,5.68406580930371,0.147323503070218,0.1281589675506,2020.24586278689,2020.26502732241,2935000
468,441,4.67759558575309e-05,50.6064358299383,5.87337934958408,50.606422507976,5.87477299179515,0.150055743510758,0.1500089675549,2020.26771278689,2020.26775956285,2935000
468,440,4.67759558575309e-05,50.6064358299383,5.87337934958408,50.5573478384295,5.48240478528981,0.150055743510758,0.1500089675549,2020.26771278689,2020.26775956285,2935000
469,444,0.0394519672096175,50.635611493484,5.72512856574065,50.6450209819023,5.73629849021591,0.0954109347686175,0.055958967559,2020.17366278689,2020.2131147541,2935000
469,470,0.05307,50.635611493484,5.72512856574065,50.4473913776396,3.81940340138457,0.109028967559,0.055958967559,2020.17366278689,2020.22673278689,2935000
470,443,4.31693985075421e-05,50.4473913776396,3.81940340138457,50.4474329217262,3.81909836042174,0.109072136957508,0.109028967559,2020.22673278689,2020.22677595629,2935000
470,442,0.0137043715796175,50.4473913776396,3.81940340138457,50.4030463341391,3.90851342384927,0.122733339138618,0.109028967559,2020.22673278689,2020.24043715847,2935000
507,508,0.000403684756100003,50.5473672291508,5.55984083232435,50.6063919726707,5.57259701762227,0.000403684756100003,0,2020.14500215716,2020.14540584192,2935000
507,506,0.117292924801242,50.5473672291508,5.55984083232435,50.5468242260283,5.57019474103631,0.117292924801242,0,2020.14500215716,2020.26229508196,2935000
508,537,0.000481963377699984,50.6063919726707,5.57259701762227,50.6063278330452,5.57222334535993,0.000885648133799988,0.000403684756100003,2020.14540584192,2020.1458878053,2935000
508,509,8.92561433799843e-05,50.6063919726707,5.57259701762227,50.6061551368975,5.57147999738039,0.000492940899479988,0.000403684756100003,2020.14540584192,2020.14549509806,2935000
509,534,0.000527688818900002,50.6061551368975,5.57147999738039,50.6036729739053,5.56903396013161,0.00102062971837999,0.000492940899479988,2020.14549509806,2020.14602278688,2935000
509,510,0.02099768882,50.6061551368975,5.57147999738039,50.5961753012865,5.53623361533786,0.02149062971948,0.000492940899479988,2020.14549509806,2020.16649278688,2935000
510,511,0.05061,50.5961753012865,5.53623361533786,50.6856647385823,5.4881739686531,0.07210062971948,0.02149062971948,2020.16649278688,2020.21710278688,2935000
510,514,0.00114756124100002,50.5961753012865,5.53623361533786,50.5979409589933,5.55059999642103,0.02263819096048,0.02149062971948,2020.16649278688,2020.16764034812,2935000
511,471,0.00967316940024202,50.6856647385823,5.4881739686531,50.7599838188679,5.96816050369824,0.081773799119722,0.07210062971948,2020.21710278688,2020.22677595628,2935000
511,512,0.02554745803,50.6856647385823,5.4881739686531,50.6471449844957,5.45769872644626,0.09764808774948,0.07210062971948,2020.21710278688,2020.24265024491,2935000
512,474,0.000519153996742003,50.6471449844957,5.45769872644626,50.3159982214265,6.29367965505458,0.098167241746222,0.09764808774948,2020.24265024491,2020.24316939891,2935000
512,513,0.000472541973599999,50.6471449844957,5.45769872644626,50.6033145523181,5.31136873439547,0.09812062972308,0.09764808774948,2020.24265024491,2020.24312278688,2935000
513,473,4.66120231220057e-05,50.6033145523181,5.31136873439547,50.6035578563462,5.31196881017266,0.098167241746202,0.09812062972308,2020.24312278688,2020.24316939891,2935000
513,472,4.66120231220057e-05,50.6033145523181,5.31136873439547,50.7017939309676,5.47269748605182,0.098167241746202,0.09812062972308,2020.24312278688,2020.24316939891,2935000
514,475,0.094654733841242,50.5979409589933,5.55059999642103,50.5652532354789,5.53578298868718,0.117292924801722,0.02263819096048,2020.16764034812,2020.26229508196,2935000
514,515,0.000201248397399989,50.5979409589933,5.55059999642103,50.5954185733479,5.55166616971288,0.02283943935788,0.02263819096048,2020.16764034812,2020.16784159652,2935000
515,476,0.053469878891242,50.5954185733479,5.55166616971288,50.4318636733653,5.52881392706135,0.076309318249122,0.02283943935788,2020.16784159652,2020.22131147541,2935000
515,516,0.000281190361500011,50.5954185733479,5.55166616971288,50.5937117988372,5.54950672969199,0.02312062971938,0.02283943935788,2020.16784159652,2020.16812278688,2935000
516,517,0.02556,50.5937117988372,5.54950672969199,50.5889651211685,5.52099111147014,0.04868062971938,0.02312062971938,2020.16812278688,2020.19368278688,2935000
516,477,0.096904535521242,50.5937117988372,5.54950672969199,50.584715978374,5.50324806936257,0.120025165240622,0.02312062971938,2020.16812278688,2020.2650273224,2935000
517,518,0.00279000000000001,50.5889651211685,5.52099111147014,50.6019187966953,5.54749225995053,0.05147062971938,0.04868062971938,2020.19368278688,2020.19647278688,2935000
517,520,0.00403000000000001,50.5889651211685,5.52099111147014,50.6173317417315,5.53698153289318,0.05271062971938,0.04868062971938,2020.19368278688,2020.19771278688,2935000
518,519,0.00255490945199999,50.6019187966953,5.54749225995053,50.6077976608904,5.55852004047737,0.05402553917138,0.05147062971938,2020.19647278688,2020.19902769633,2935000
518,478,0.00298076502824199,50.6019187966953,5.54749225995053,50.5936262099933,5.53050450754526,0.054451394747622,0.05147062971938,2020.19647278688,2020.19945355191,2935000
519,480,0.014087057761242,50.6077976608904,5.55852004047737,50.618140514059,5.55893920756687,0.068112596932622,0.05402553917138,2020.19902769633,2020.21311475409,2935000
519,479,0.000425855576542011,50.6077976608904,5.55852004047737,50.6091207617125,5.56368226952776,0.054451394747922,0.05402553917138,2020.19902769633,2020.19945355191,2935000
520,521,0.04808512352,50.6173317417315,5.53698153289318,50.6614798691585,5.66897014407663,0.10079575323938,0.05271062971938,2020.19771278688,2020.2457979104,2935000
520,528,0.00688,50.6173317417315,5.53698153289318,50.6199676686574,5.53735592302712,0.05959062971938,0.05271062971938,2020.19771278688,2020.20459278688,2935000
521,488,0.049284056811242,50.6614798691585,5.66897014407663,50.7002807533014,5.61807391252696,0.150079810050622,0.10079575323938,2020.2457979104,2020.29508196721,2935000
521,522,6.48764777899935e-05,50.6614798691585,5.66897014407663,50.6327005293668,5.61669724937166,0.10086062971717,0.10079575323938,2020.2457979104,2020.24586278688,2935000
522,523,0.03013,50.6327005293668,5.61669724937166,50.6533440185592,5.65341225153865,0.13099062971717,0.10086062971717,2020.24586278688,2020.27599278688,2935000
522,487,3.88524602520091e-05,50.6327005293668,5.61669724937166,50.63128056582,5.15748039496581,0.100899482177422,0.10086062971717,2020.24586278688,2020.24590163934,2935000
523,481,0.019089180331242,50.6533440185592,5.65341225153865,50.6466843702396,5.62883449978138,0.150079810048412,0.13099062971717,2020.27599278688,2020.29508196721,2935000
523,524,0.01905,50.6533440185592,5.65341225153865,50.6882629276802,5.61296540173635,0.15004062971717,0.13099062971717,2020.27599278688,2020.29504278688,2935000
524,482,3.91803289720161e-05,50.6882629276802,5.61296540173635,50.6886429158432,5.61374706474892,0.150079810046142,0.15004062971717,2020.29504278688,2020.29508196721,2935000
524,525,0.00821,50.6882629276802,5.61296540173635,50.6891645326443,5.60692499262358,0.15825062971717,0.15004062971717,2020.29504278688,2020.30325278688,2935000
525,483,0.051938469951242,50.6891645326443,5.60692499262358,50.7054880101633,5.64830177707965,0.210189099668412,0.15825062971717,2020.30325278688,2020.35519125683,2935000
525,526,0.000782893261800005,50.6891645326443,5.60692499262358,50.6646470331642,5.64935140910592,0.15903352297897,0.15825062971717,2020.30325278688,2020.30403568014,2935000
526,527,0.000397106738200009,50.6646470331642,5.64935140910592,50.6651353175268,5.64949046352068,0.15943062971717,0.15903352297897,2020.30403568014,2020.30443278688,2935000
526,484,0.051155576681242,50.6646470331642,5.64935140910592,50.5562946236894,5.30345953839489,0.210189099660212,0.15903352297897,2020.30403568014,2020.35519125682,2935000
527,485,0.045293989071242,50.6651353175268,5.64949046352068,50.7130134556009,5.65174175553013,0.204724618788412,0.15943062971717,2020.30443278688,2020.34972677595,2935000
527,486,0.050758469951242,50.6651353175268,5.64949046352068,50.6660645454137,5.62881895416576,0.210189099668412,0.15943062971717,2020.30443278688,2020.35519125683,2935000
528,489,0.038576612021242,50.6199676686574,5.53735592302712,50.6516009025172,5.51690643845758,0.098167241740622,0.05959062971938,2020.20459278688,2020.2431693989,2935000
528,529,0.01374,50.6199676686574,5.53735592302712,50.6321522488628,5.54556245397289,0.07333062971938,0.05959062971938,2020.20459278688,2020.21833278688,2935000
529,530,0.00294,50.6321522488628,5.54556245397289,50.5990737588475,5.53488586681521,0.07627062971938,0.07333062971938,2020.21833278688,2020.22127278688,2935000
529,531,0.02186,50.6321522488628,5.54556245397289,50.6426899907027,5.52059092932635,0.09519062971938,0.07333062971938,2020.21833278688,2020.24019278688,2935000
530,491,3.86885258819858e-05,50.5990737588475,5.53488586681521,50.6710663706263,5.66782802257144,0.076309318245262,0.07627062971938,2020.22127278688,2020.22131147541,2935000
530,490,3.86885258819858e-05,50.5990737588475,5.53488586681521,50.5992070979659,5.53474182098877,0.076309318245262,0.07627062971938,2020.22127278688,2020.22131147541,2935000
531,492,0.00297661202324201,50.6426899907027,5.52059092932635,50.6943996585661,5.32515486999698,0.098167241742622,0.09519062971938,2020.24019278688,2020.2431693989,2935000
531,532,0.02186,50.6426899907027,5.52059092932635,50.6332991388915,5.52476448940434,0.11705062971938,0.09519062971938,2020.24019278688,2020.26205278688,2935000
532,495,0.002974535520242,50.6332991388915,5.52476448940434,50.0769344293735,4.93004042404083,0.120025165239622,0.11705062971938,2020.26205278688,2020.2650273224,2935000
532,533,0.00294,50.6332991388915,5.52476448940434,50.5990737588475,5.53488586681521,0.11999062971938,0.11705062971938,2020.26205278688,2020.26499278688,2935000
533,493,3.45355203620057e-05,50.5990737588475,5.53488586681521,50.677545727415,5.61083182063381,0.120025165239742,0.11999062971938,2020.26499278688,2020.2650273224,2935000
533,494,3.45355203620057e-05,50.5990737588475,5.53488586681521,50.6545688939332,5.5443983405698,0.120025165239742,0.11999062971938,2020.26499278688,2020.2650273224,2935000
534,535,0.05433,50.6036729739053,5.56903396013161,50.7354500570693,5.62782898644856,0.05535062971838,0.00102062971837999,2020.14602278688,2020.20035278688,2935000
534,499,0.110807814201242,50.6036729739053,5.56903396013161,50.6193013637291,5.71893607694222,0.111828443919622,0.00102062971837999,2020.14602278688,2020.25683060108,2935000
535,496,0.026423169401242,50.7354500570693,5.62782898644856,50.6086816062525,5.94768918752891,0.081773799119622,0.05535062971838,2020.20035278688,2020.22677595628,2935000
535,536,0.04549,50.7354500570693,5.62782898644856,50.6659099251854,5.56354599895413,0.10084062971838,0.05535062971838,2020.20035278688,2020.24584278688,2935000
536,498,5.88524602520013e-05,50.6659099251854,5.56354599895413,50.6705233218413,5.56656329064558,0.100899482178632,0.10084062971838,2020.24584278688,2020.24590163934,2935000
536,497,0.013720054641242,50.6659099251854,5.56354599895413,50.7115456555558,5.84936199507912,0.114560684359622,0.10084062971838,2020.24584278688,2020.25956284152,2935000
537,500,0.116407276701242,50.6063278330452,5.57222334535993,50.6386774326762,5.5859324885119,0.117292924835042,0.000885648133799988,2020.1458878053,2020.262295082,2935000
537,538,0.06152648848,50.6063278330452,5.57222334535993,50.6042877636838,5.4686866034943,0.0624121366138,0.000885648133799988,2020.1458878053,2020.20741429378,2935000
538,505,0.057613028631242,50.6042877636838,5.4686866034943,50.5958007357178,5.44805853452953,0.120025165245042,0.0624121366138,2020.20741429378,2020.26502732241,2935000
538,539,0.000188493109400001,50.6042877636838,5.4686866034943,50.6421708346165,5.53004256269033,0.0626006297232,0.0624121366138,2020.20741429378,2020.20760278688,2935000
539,504,4.74863400220238e-05,50.6421708346165,5.53004256269033,50.6450616505099,5.5318873136275,0.062648116063222,0.0626006297232,2020.20760278688,2020.20765027322,2935000
539,540,0.03415,50.6421708346165,5.53004256269033,50.6554558884037,5.64701788481445,0.0967506297232,0.0626006297232,2020.20760278688,2020.24175278688,2935000
540,541,0.05328,50.6554558884037,5.64701788481445,50.6453015697827,5.61000811633739,0.1500306297232,0.0967506297232,2020.24175278688,2020.29503278688,2935000
540,501,0.00414885246024201,50.6554558884037,5.64701788481445,50.6601181159216,5.65930774433316,0.100899482183442,0.0967506297232,2020.24175278688,2020.24590163934,2935000
541,503,0.057426229511242,50.6453015697827,5.61000811633739,50.6481256626264,5.59495147847984,0.207456859234442,0.1500306297232,2020.29503278688,2020.3524590164,2935000
541,502,4.91803289719983e-05,50.6453015697827,5.61000811633739,50.645596864464,5.60984916421481,0.150079810052172,0.1500306297232,2020.29503278688,2020.29508196721,2935000
545,542,4.54098357936875e-05,50.6145429465298,3.28133724931196,50.6144955945321,3.28170307739899,4.54098357936875e-05,0,2020.22946278688,2020.22950819672,2935000
545,546,0.03825,50.6145429465298,3.28133724931196,50.5291418135562,3.62071869166567,0.03825,0,2020.22946278688,2020.26771278688,2935000
546,543,4.67759560136907e-05,50.5291418135562,3.62071869166567,50.5246072017102,3.63241032451578,0.0382967759560137,0.03825,2020.26771278688,2020.26775956284,2935000
546,544,4.67759560136907e-05,50.5291418135562,3.62071869166567,50.5295570029615,3.62006142069198,0.0382967759560137,0.03825,2020.26771278688,2020.26775956284,2935000
569,570,0.03526,50.4631410234235,3.75911712084752,50.5017145129762,3.71797814033712,0.03526,0,2020.13326278689,2020.16852278689,2935000
569,576,0.05072581442,50.4631410234235,3.75911712084752,50.4322611285801,3.81786472141335,0.05072581442,0,2020.13326278689,2020.18398860131,2935000
570,547,0.0719143715848794,50.5017145129762,3.71797814033712,50.5159818680213,3.64499267561314,0.107174371584879,0.03526,2020.16852278689,2020.24043715847,2935000
570,571,0.02856290351,50.5017145129762,3.71797814033712,50.4652156558373,3.82180947517257,0.06382290351,0.03526,2020.16852278689,2020.1970856904,2935000
571,548,0.0433514680848794,50.4652156558373,3.82180947517257,50.4149741352481,3.8889811988863,0.107174371594879,0.06382290351,2020.1970856904,2020.24043715848,2935000
571,572,0.0003093594619,50.4652156558373,3.82180947517257,50.4694792128317,3.82310080106646,0.0641322629719,0.06382290351,2020.1970856904,2020.19739504986,2935000
572,573,0.000527737031200001,50.4694792128317,3.82310080106646,50.4676314835292,3.82072097103936,0.0646600000031,0.0641322629719,2020.19739504986,2020.19792278689,2935000
572,549,0.0403098681848794,50.4694792128317,3.82310080106646,50.4578074582929,3.96138431632839,0.104442131156779,0.0641322629719,2020.19739504986,2020.23770491805,2935000
573,574,0.02601,50.4676314835292,3.82072097103936,50.4773259083095,3.98280543609934,0.0906700000031,0.0646600000031,2020.19792278689,2020.22393278689,2935000
573,553,0.0452466120248795,50.4676314835292,3.82072097103936,50.5390915830449,3.60972661552956,0.109906612027979,0.0646600000031,2020.19792278689,2020.24316939892,2935000
574,550,0.0137721311548794,50.4773259083095,3.98280543609934,50.4676286341063,3.86339932815,0.104442131157979,0.0906700000031,2020.22393278689,2020.23770491805,2935000
574,575,0.0028,50.4773259083095,3.98280543609934,50.4788732256529,3.97926571802504,0.0934700000031,0.0906700000031,2020.22393278689,2020.22673278689,2935000
575,552,0.0109721311548794,50.4788732256529,3.97926571802504,50.46301972262,4.19378823775855,0.104442131157979,0.0934700000031,2020.22673278689,2020.23770491805,2935000
575,551,4.31694037694441e-05,50.4788732256529,3.97926571802504,50.4770531251207,3.97357389185997,0.0935131694068694,0.0934700000031,2020.22673278689,2020.2267759563,2935000
576,554,0.0564485571648795,50.4322611285801,3.81786472141335,50.377032343813,3.98136225156937,0.107174371584879,0.05072581442,2020.18398860131,2020.24043715847,2935000
576,577,0.000461944770299996,50.4322611285801,3.81786472141335,50.4069372736579,3.82313145849887,0.0511877591903,0.05072581442,2020.18398860131,2020.18445054608,2935000
577,578,0.000196555379200006,50.4069372736579,3.82313145849887,50.4062204919787,3.81943012047017,0.0513843145695,0.0511877591903,2020.18445054608,2020.18464710146,2935000
577,555,0.0532543719548794,50.4069372736579,3.82313145849887,50.4608668938544,3.93491878466961,0.104442131145179,0.0511877591903,2020.18445054608,2020.23770491804,2935000
578,556,0.0530578165748794,50.4062204919787,3.81943012047017,50.402707499752,3.81722295567011,0.104442131144379,0.0513843145695,2020.18464710146,2020.23770491803,2935000
578,579,0.000435685425600005,50.4062204919787,3.81943012047017,50.4075123483245,3.77492868811255,0.0518199999951,0.0513843145695,2020.18464710146,2020.18508278689,2935000
579,580,0.00412999999999999,50.4075123483245,3.77492868811255,50.3993205481412,3.79281620809061,0.0559499999951,0.0518199999951,2020.18508278689,2020.18921278689,2935000
579,557,0.0416931694048794,50.4075123483245,3.77492868811255,50.8195055260466,4.42842805712161,0.0935131693999794,0.0518199999951,2020.18508278689,2020.22677595629,2935000
580,581,0.00386,50.3993205481412,3.79281620809061,50.3988225149078,3.82587455523446,0.0598099999951,0.0559499999951,2020.18921278689,2020.19307278689,2935000
580,558,0.0512243715848794,50.3993205481412,3.79281620809061,50.5046286865062,3.93001726956886,0.107174371579979,0.0559499999951,2020.18921278689,2020.24043715847,2935000
581,582,0.02514,50.3988225149078,3.82587455523446,50.4092613725077,3.83968526089505,0.0849499999951,0.0598099999951,2020.19307278689,2020.21821278689,2935000
581,559,0.0500966120248794,50.3988225149078,3.82587455523446,50.749097106303,4.40684610305961,0.109906612019979,0.0598099999951,2020.19307278689,2020.24316939891,2935000
582,583,0.00185,50.4092613725077,3.83968526089505,50.4275041079467,3.87202773962956,0.0867999999951,0.0849499999951,2020.21821278689,2020.22006278689,2935000
582,585,0.002818793912,50.4092613725077,3.83968526089505,50.4038157350229,3.84914454923381,0.0877687939071,0.0849499999951,2020.21821278689,2020.2210315808,2935000
583,560,0.0504290163948794,50.4275041079467,3.87202773962956,50.5849502598487,3.3888909409354,0.137229016389979,0.0867999999951,2020.22006278689,2020.27049180328,2935000
583,584,0.00668000000000001,50.4275041079467,3.87202773962956,50.4513730200974,3.9704657023598,0.0934799999951,0.0867999999951,2020.22006278689,2020.22674278689,2935000
584,562,3.3169403769448e-05,50.4513730200974,3.9704657023598,50.4532155875869,3.97787182089259,0.0935131693988694,0.0934799999951,2020.22674278689,2020.22677595629,2935000
584,561,0.00276540984087945,50.4513730200974,3.9704657023598,50.4218684151909,3.89566815632134,0.0962454098359794,0.0934799999951,2020.22674278689,2020.22950819673,2935000
585,586,0.002971206088,50.4038157350229,3.84914454923381,50.4074546673724,3.86513864494497,0.0907399999951,0.0877687939071,2020.2210315808,2020.22400278689,2935000
585,587,0.0001712060879,50.4038157350229,3.84914454923381,50.4057015220528,3.84906887252172,0.087939999995,0.0877687939071,2020.2210315808,2020.22120278688,2935000
586,564,0.00277316940387945,50.4074546673724,3.86513864494497,50.4091838166099,3.85816401579034,0.0935131693989794,0.0907399999951,2020.22400278689,2020.22677595629,2935000
586,563,4.09289666494506e-05,50.4074546673724,3.86513864494497,50.4089712892789,3.86942228583865,0.0907809289617494,0.0907399999951,2020.22400278689,2020.22404371585,2935000
587,565,0.0492890163948795,50.4057015220528,3.84906887252172,50.85339127554,4.49860924005681,0.137229016389879,0.087939999995,2020.22120278688,2020.27049180328,2935000
587,588,0.01366,50.4057015220528,3.84906887252172,50.4251063557299,3.83766458331417,0.101599999995,0.087939999995,2020.22120278688,2020.23486278689,2935000
588,568,0.00284213115187945,50.4251063557299,3.83766458331417,50.4148913128879,3.85358250475031,0.104442131146879,0.101599999995,2020.23486278689,2020.23770491804,2935000
588,589,0.00552999999999999,50.4251063557299,3.83766458331417,50.5244311956449,3.80371481470725,0.107129999995,0.101599999995,2020.23486278689,2020.24039278688,2935000
589,567,4.43715896294439e-05,50.5244311956449,3.80371481470725,50.5336985189805,4.16746194041488,0.107174371584629,0.107129999995,2020.24039278688,2020.24043715847,2935000
589,566,4.43715896294439e-05,50.5244311956449,3.80371481470725,50.5246184127554,3.80674485834722,0.107174371584629,0.107129999995,2020.24039278688,2020.24043715847,2935000
595,590,0.0330200546399937,50.5495150528389,5.98690543525462,50.5779986291042,5.91425347775919,0.0330200546399937,0,2020.22654278689,2020.25956284153,2935000
595,596,0.02027,50.5495150528389,5.98690543525462,50.5489881492741,5.98575331728591,0.02027,0,2020.22654278689,2020.24681278689,2935000
596,591,0.0510014207599937,50.5489881492741,5.98575331728591,50.6372074090079,5.90637186678377,0.0712714207599937,0.02027,2020.24681278689,2020.29781420765,2935000
596,597,0.00723,50.5489881492741,5.98575331728591,50.5493713685965,5.98478082548271,0.0275,0.02027,2020.24681278689,2020.25404278689,2935000
597,592,5.55737703736917e-05,50.5493713685965,5.98478082548271,50.5500619542959,5.98710117707102,0.0275555737703737,0.0275,2020.25404278689,2020.25409836066,2935000
597,598,0.01093,50.5493713685965,5.98478082548271,50.5669507038088,5.85677205162673,0.03843,0.0275,2020.25404278689,2020.26497278689,2935000
598,593,5.45355191136909e-05,50.5669507038088,5.85677205162673,50.5669051547116,5.85670606849631,0.0384845355191137,0.03843,2020.26497278689,2020.26502732241,2935000
598,594,0.00278677595599369,50.5669507038088,5.85677205162673,50.5339369432409,5.8038422950054,0.0412167759559937,0.03843,2020.26497278689,2020.26775956285,2935000
603,599,0.00303748634208202,50.4798060816287,3.77289701251761,50.4625908512251,3.76346203676695,0.00303748634208202,0,2020.20461278688,2020.20765027322,2935000
603,604,0.00278,50.4798060816287,3.77289701251761,50.477511567403,3.76980420683021,0.00278,0,2020.20461278688,2020.20739278688,2935000
604,600,0.00298972677908202,50.477511567403,3.76980420683021,50.6270333678373,3.4568079093854,0.00576972677908202,0.00278,2020.20739278688,2020.21038251366,2935000
604,605,0.00294,50.477511567403,3.76980420683021,50.3469872005381,3.71961194694807,0.00572,0.00278,2020.20739278688,2020.21033278688,2935000
605,601,4.9726778992024e-05,50.3469872005381,3.71961194694807,50.3459904555659,3.7005756047232,0.00576972677899202,0.00572,2020.21033278688,2020.21038251366,2935000
605,602,4.9726778992024e-05,50.3469872005381,3.71961194694807,50.3457466100235,3.71568862680407,0.00576972677899202,0.00572,2020.21033278688,2020.21038251366,2935000
610,611,0.000157493225500002,50.525009923033,5.6271825793818,50.5294962776069,5.63817569187083,0.000157493225500002,0,2020.20604529365,2020.20620278688,2935000
610,612,0.01522749323,50.525009923033,5.6271825793818,50.3839124905298,5.6917139957858,0.01522749323,0,2020.20604529365,2020.22127278688,2935000
611,606,0.05062781421,50.5294962776069,5.63817569187083,50.5282769300644,5.63476931134021,0.0507853074355,0.000157493225500002,2020.20620278688,2020.25683060109,2935000
611,607,0.05062781421,50.5294962776069,5.63817569187083,50.6759891379199,5.95859295155434,0.0507853074355,0.000157493225500002,2020.20620278688,2020.25683060109,2935000
612,608,3.86885246400001e-05,50.3839124905298,5.6917139957858,50.4998349367547,5.21495053126315,0.01526618175464,0.01522749323,2020.22127278688,2020.22131147541,2935000
612,609,3.86885246400001e-05,50.3839124905298,5.6917139957858,50.3831143515261,5.68998430767038,0.01526618175464,0.01522749323,2020.22127278688,2020.22131147541,2935000
616,613,5.19672114542551e-05,50.4246974480782,3.7956063371109,50.4244473284499,3.79527191051865,5.19672114542551e-05,0,2020.21306278689,2020.2131147541,2935000
616,617,0.0082,50.4246974480782,3.7956063371109,50.6783844742836,5.42764000211613,0.0082,0,2020.21306278689,2020.22126278689,2935000
617,614,4.86885230542543e-05,50.6783844742836,5.42764000211613,50.6298214739779,5.55869605623121,0.00824868852305425,0.0082,2020.22126278689,2020.22131147541,2935000
617,615,4.86885230542543e-05,50.6783844742836,5.42764000211613,50.6781907092147,5.42732464884744,0.00824868852305425,0.0082,2020.22126278689,2020.22131147541,2935000
628,618,2.19672081164524e-05,50.6048104124785,5.62540720899362,50.605138275218,5.62549888500419,2.19672081164524e-05,0,2020.21309278689,2020.21311475409,2935000
628,629,0.01072,50.6048104124785,5.62540720899362,50.6099630168485,5.68756842830627,0.01072,0,2020.21309278689,2020.22381278689,2935000
629,630,0.00294,50.6099630168485,5.68756842830627,50.4205625614581,3.80266730794978,0.01366,0.01072,2020.22381278689,2020.22675278689,2935000
629,631,0.00546,50.6099630168485,5.68756842830627,50.5941980929021,5.47305644044096,0.01618,0.01072,2020.22381278689,2020.22927278689,2935000
630,619,2.31693939664532e-05,50.4205625614581,3.80266730794978,50.4614096997383,3.98856899491134,0.0136831693939665,0.01366,2020.22675278689,2020.22677595628,2935000
630,620,2.31693939664532e-05,50.4205625614581,3.80266730794978,50.4210524632192,3.78769943265078,0.0136831693939665,0.01366,2020.22675278689,2020.22677595628,2935000
631,634,0.0084,50.5941980929021,5.47305644044096,50.5932730102905,5.37227567444051,0.02458,0.01618,2020.22927278689,2020.23767278689,2935000
631,632,0.01088,50.5941980929021,5.47305644044096,50.5943207269106,5.50046502829103,0.02706,0.01618,2020.22927278689,2020.24015278689,2935000
632,623,0.00574885245407646,50.5943207269106,5.50046502829103,50.4469064945514,5.71906545541558,0.0328088524540765,0.02706,2020.24015278689,2020.24590163934,2935000
632,633,0.00299,50.5943207269106,5.50046502829103,50.5783352795669,5.04994549608325,0.03005,0.02706,2020.24015278689,2020.24314278689,2935000
633,621,2.66120169564524e-05,50.5783352795669,5.04994549608325,50.5783569545838,5.05305157578333,0.0300766120169565,0.03005,2020.24314278689,2020.2431693989,2935000
633,622,0.0109555737650764,50.5783352795669,5.04994549608325,50.6793396641645,5.55887354850262,0.0410055737650765,0.03005,2020.24314278689,2020.25409836065,2935000
634,635,0.0216,50.5932730102905,5.37227567444051,50.6019841612283,5.42694619731085,0.04618,0.02458,2020.23767278689,2020.25927278689,2935000
634,624,3.2131142476452e-05,50.5932730102905,5.37227567444051,50.5115036843672,4.05011084374737,0.0246121311424764,0.02458,2020.23767278689,2020.23770491803,2935000
635,625,0.00848677595107646,50.6019841612283,5.42694619731085,50.5949290806881,5.48837575729959,0.0546667759510765,0.04618,2020.25927278689,2020.26775956284,2935000
635,636,0.00845,50.6019841612283,5.42694619731085,50.663129467527,5.56331849060873,0.05463,0.04618,2020.25927278689,2020.26772278689,2935000
636,626,3.6775951316452e-05,50.663129467527,5.56331849060873,50.6635725028678,5.57023887167378,0.0546667759513165,0.05463,2020.26772278689,2020.26775956284,2935000
636,627,0.00823349726307646,50.663129467527,5.56331849060873,50.7155752260648,3.82524764840119,0.0628634972630765,0.05463,2020.26772278689,2020.27595628415,2935000
641,637,3.2131146793693e-05,50.5115663240621,4.05081072852982,50.5115036843672,4.05011084374737,3.2131146793693e-05,0,2020.23767278688,2020.23770491803,2935000
641,642,0.0216,50.5115663240621,4.05081072852982,50.5968128423129,5.52908257053595,0.0216,0,2020.23767278688,2020.25927278688,2935000
642,638,0.00848677595539369,50.5968128423129,5.52908257053595,50.5949290806881,5.48837575729959,0.0300867759553937,0.0216,2020.25927278688,2020.26775956284,2935000
642,643,0.00845,50.5968128423129,5.52908257053595,50.6635280923873,5.56330562421305,0.03005,0.0216,2020.25927278688,2020.26772278688,2935000
643,639,3.6775955633693e-05,50.6635280923873,5.56330562421305,50.6635725028678,5.57023887167378,0.0300867759556337,0.03005,2020.26772278688,2020.26775956284,2935000
643,640,0.00823349726739369,50.6635280923873,5.56330562421305,50.7155752260648,3.82524764840119,0.0382834972673937,0.03005,2020.26772278688,2020.27595628415,2935000
658,659,0.05579,50.8075164427427,4.44507197087689,50.8104061411254,4.39403463384123,0.05579,0,2020.15592278688,2020.21171278688,2935000
658,660,0.00329,50.8075164427427,4.44507197087689,50.8223575768175,4.46861465795832,0.00329,0,2020.15592278688,2020.15921278688,2935000
659,644,0.05331453552,50.8104061411254,4.39403463384123,50.8075734083534,4.42611989441572,0.10910453552,0.05579,2020.21171278688,2020.2650273224,2935000
659,645,0.001401967213,50.8104061411254,4.39403463384123,50.645498850579,5.643457028745,0.057191967213,0.05579,2020.21171278688,2020.21311475409,2935000
660,646,0.06483092896,50.8223575768175,4.46861465795832,50.394724450705,4.48938274049566,0.06812092896,0.00329,2020.15921278688,2020.22404371584,2935000
660,661,0.00351,50.8223575768175,4.46861465795832,50.8341038358408,4.45011590519063,0.0068,0.00329,2020.15921278688,2020.16272278688,2935000
661,647,0.1023045355,50.8341038358408,4.45011590519063,50.8429506125465,4.30018282558637,0.1091045355,0.0068,2020.16272278688,2020.26502732238,2935000
661,662,0.00319999999999999,50.8341038358408,4.45011590519063,50.8241722593673,4.4290863330952,0.01,0.0068,2020.16272278688,2020.16592278688,2935000
662,663,0.00323000000000001,50.8241722593673,4.4290863330952,50.5774138951935,5.56241058721003,0.01323,0.01,2020.16592278688,2020.16915278688,2935000
662,648,0.07451437158,50.8241722593673,4.4290863330952,51.0266573375029,3.44446706403918,0.08451437158,0.01,2020.16592278688,2020.24043715846,2935000
663,664,0.00294,50.5774138951935,5.56241058721003,50.4580454526584,3.93895805588818,0.01617,0.01323,2020.16915278688,2020.17209278688,2935000
663,649,0.07401661202,50.5774138951935,5.56241058721003,50.6106314097579,5.52298614482308,0.08724661202,0.01323,2020.16915278688,2020.2431693989,2935000
664,650,0.04102196721,50.4580454526584,3.93895805588818,50.6391824546997,5.58814348006402,0.05719196721,0.01617,2020.17209278688,2020.21311475409,2935000
664,665,0.03259,50.4580454526584,3.93895805588818,50.5014023443334,5.60076619168617,0.04876,0.01617,2020.17209278688,2020.20468278688,2935000
665,651,0.002967486339,50.5014023443334,5.60076619168617,50.4928691612269,5.61128865444275,0.051727486339,0.04876,2020.20468278688,2020.20765027322,2935000
665,666,0.01639,50.5014023443334,5.60076619168617,50.4829462801641,3.92972703732669,0.06515,0.04876,2020.20468278688,2020.22107278688,2935000
666,667,0.00546000000000001,50.4829462801641,3.92972703732669,50.4953603115462,3.90963956605791,0.07061,0.06515,2020.22107278688,2020.22653278688,2935000
666,669,0.01639,50.4829462801641,3.92972703732669,50.4829462801641,3.92972703732669,0.08154,0.06515,2020.22107278688,2020.23746278688,2935000
667,668,0.0084,50.4953603115462,3.90963956605791,50.4152452041281,4.42290018756307,0.07901,0.07061,2020.22653278688,2020.23493278688,2935000
667,652,0.002975409836,50.4953603115462,3.90963956605791,50.9566454307853,4.47723485594749,0.073585409836,0.07061,2020.22653278688,2020.22950819672,2935000
668,654,3.98907102699964e-05,50.4152452041281,4.42290018756307,50.5126528160209,4.39645171588247,0.07904989071027,0.07901,2020.23493278688,2020.23497267759,2935000
668,653,3.98907102699964e-05,50.4152452041281,4.42290018756307,50.3947059547931,4.44247035944431,0.07904989071027,0.07901,2020.23493278688,2020.23497267759,2935000
669,657,0.002974371585,50.4829462801641,3.92972703732669,51.2189422750182,3.41704585754688,0.084514371585,0.08154,2020.23746278688,2020.24043715847,2935000
669,670,0.00294,50.4829462801641,3.92972703732669,50.4580454526584,3.93895805588818,0.08448,0.08154,2020.23746278688,2020.24040278688,2935000
670,655,3.43715847500037e-05,50.4580454526584,3.93895805588818,50.4574916972299,3.92798610908528,0.08451437158475,0.08448,2020.24040278688,2020.24043715846,2935000
670,656,3.43715847500037e-05,50.4580454526584,3.93895805588818,50.3785953349388,3.90742707421433,0.08451437158475,0.08448,2020.24040278688,2020.24043715846,2935000
674,673,0.00297437158475,51.2131027150776,3.41578998149003,51.2189422750182,3.41704585754688,0.00297437158475,0,2020.23746278689,2020.24043715847,2935000
674,675,0.00294,51.2131027150776,3.41578998149003,50.3778197986429,3.90460144249647,0.00294,0,2020.23746278689,2020.24040278689,2935000
675,671,3.43715845000005e-05,50.3778197986429,3.90460144249647,50.4574916972299,3.92798610908528,0.0029743715845,0.00294,2020.24040278689,2020.24043715847,2935000
675,672,3.43715845000005e-05,50.3778197986429,3.90460144249647,50.3785953349388,3.90742707421433,0.0029743715845,0.00294,2020.24040278689,2020.24043715847,2935000
700,715,0.04724499891,50.6334516055239,4.90086013267581,50.8212347480236,4.47681755523365,0.04724499891,0,2020.13155778798,2020.17880278689,2935000
700,701,0.000104998909000009,50.6334516055239,4.90086013267581,50.632873659947,4.90884679203567,0.000104998909000009,0,2020.13155778798,2020.13166278689,2935000
701,702,0.08795,50.632873659947,4.90884679203567,50.5359215050069,5.40901220216106,0.088054998909,0.000104998909000009,2020.13166278689,2020.21961278689,2935000
701,706,0.04108084305,50.632873659947,4.90884679203567,50.5244025134155,4.30345495315303,0.041185841959,0.000104998909000009,2020.13166278689,2020.17274362994,2935000
702,676,0.0235566120091675,50.5359215050069,5.40901220216106,50.5476360609955,5.35466158282565,0.111611610918168,0.088054998909,2020.21961278689,2020.2431693989,2935000
702,703,0.02331,50.5359215050069,5.40901220216106,50.642551393331,5.50566984996241,0.111364998909,0.088054998909,2020.21961278689,2020.24292278689,2935000
703,704,0.002305566348,50.642551393331,5.50566984996241,50.6152428456537,5.55506309904684,0.113670565257,0.111364998909,2020.24292278689,2020.24522835324,2935000
703,677,0.000246612011067529,50.642551393331,5.50566984996241,50.6989089842683,5.5866708315102,0.111611610920068,0.111364998909,2020.24292278689,2020.2431693989,2935000
704,705,0.000634433652299995,50.6152428456537,5.55506309904684,50.6094272829711,5.56848731377814,0.1143049989093,0.113670565257,2020.24522835324,2020.24586278689,2935000
704,678,0.000673286100467532,50.6152428456537,5.55506309904684,50.5634687975202,5.85269667799396,0.114343851357468,0.113670565257,2020.24522835324,2020.24590163934,2935000
705,680,0.0492191803191675,50.6094272829711,5.56848731377814,50.5608574681718,5.53504734629714,0.163524179228468,0.1143049989093,2020.24586278689,2020.29508196721,2935000
705,679,0.0492191803191675,50.6094272829711,5.56848731377814,50.6076937925115,5.62967343195721,0.163524179228468,0.1143049989093,2020.24586278689,2020.29508196721,2935000
706,710,3.86650345299971e-05,50.5244025134155,4.30345495315303,50.5245478086052,4.30191009780682,0.04122450699353,0.041185841959,2020.17274362994,2020.17278229497,2935000
706,707,0.000629156951399992,50.5244025134155,4.30345495315303,50.5279226625565,4.32081282182004,0.0418149989104,0.041185841959,2020.17274362994,2020.17337278689,2935000
707,681,0.0561354098291675,50.5279226625565,4.32081282182004,50.563941854053,4.45291417347692,0.0979504087395675,0.0418149989104,2020.17337278689,2020.22950819672,2935000
707,708,0.03559,50.5279226625565,4.32081282182004,50.4875852572178,4.3669734444436,0.0774049989104,0.0418149989104,2020.17337278689,2020.20896278689,2935000
708,709,0.01777,50.4875852572178,4.3669734444436,50.5612957242187,3.73601395571516,0.0951749989104,0.0774049989104,2020.20896278689,2020.22673278689,2935000
708,682,0.0205454098291675,50.4875852572178,4.3669734444436,50.4157657845474,4.46997280161985,0.0979504087395675,0.0774049989104,2020.20896278689,2020.22950819672,2935000
709,684,4.31693880575262e-05,50.5612957242187,3.73601395571516,50.5586680171259,3.73472404729691,0.0952181682984575,0.0951749989104,2020.22673278689,2020.22677595628,2935000
709,683,4.31693880575262e-05,50.5612957242187,3.73601395571516,50.4454686040543,4.41502843756507,0.0952181682984575,0.0951749989104,2020.22673278689,2020.22677595628,2935000
710,711,0.01117049192,50.5245478086052,4.30191009780682,50.6264758375763,4.18596907673473,0.05239499891353,0.04122450699353,2020.17278229497,2020.18395278689,2935000
710,714,0.09220049192,50.5245478086052,4.30191009780682,50.6153538069137,5.96062301946372,0.13342499891353,0.04122450699353,2020.17278229497,2020.26498278689,2935000
711,685,0.0510198906991675,50.6264758375763,4.18596907673473,50.6090033164729,4.03326474884736,0.103414889612698,0.05239499891353,2020.18395278689,2020.23497267759,2935000
711,712,0.00406999999999999,50.6264758375763,4.18596907673473,50.7389438363681,4.33153253418914,0.05646499891353,0.05239499891353,2020.18395278689,2020.18802278689,2935000
712,713,0.03578,50.7389438363681,4.33153253418914,50.6850939334103,4.40461195220562,0.09224499891353,0.05646499891353,2020.18802278689,2020.22380278689,2935000
712,686,0.0496821311391675,50.7389438363681,4.33153253418914,50.8930759741858,4.34154749744658,0.106147130052698,0.05646499891353,2020.18802278689,2020.23770491803,2935000
713,688,0.00297316938816752,50.6850939334103,4.40461195220562,50.535726163301,3.68579381184173,0.0952181683016975,0.09224499891353,2020.22380278689,2020.22677595628,2935000
713,687,0.000240928950967528,50.6850939334103,4.40461195220562,50.6840255099232,4.42126745188743,0.0924859278644975,0.09224499891353,2020.22380278689,2020.22404371585,2935000
714,689,4.45355082875354e-05,50.6153538069137,5.96062301946372,50.6165000512553,5.94483126134397,0.133469534421818,0.13342499891353,2020.26498278689,2020.2650273224,2935000
714,690,4.45355082875354e-05,50.6153538069137,5.96062301946372,50.7261822396842,5.85845648045195,0.133469534421818,0.13342499891353,2020.26498278689,2020.2650273224,2935000
715,691,0.0507054098291675,50.8212347480236,4.47681755523365,50.8318294627951,4.43216755635987,0.0979504087391675,0.04724499891,2020.17880278689,2020.22950819672,2935000
715,716,0.00824,50.8212347480236,4.47681755523365,50.7395372462622,4.36721846922835,0.05548499891,0.04724499891,2020.17880278689,2020.18704278689,2935000
716,692,0.0506621311391675,50.7395372462622,4.36721846922835,50.3831209430551,3.75015744737201,0.106147130049168,0.05548499891,2020.18704278689,2020.23770491803,2935000
716,717,0.01763,50.7395372462622,4.36721846922835,50.5945041698666,5.37441905017418,0.07311499891,0.05548499891,2020.18704278689,2020.20467278689,2935000
717,693,0.0904091803191675,50.5945041698666,5.37441905017418,50.4659508671774,5.83895712742325,0.163524179229168,0.07311499891,2020.20467278689,2020.29508196721,2935000
717,718,0.00294,50.5945041698666,5.37441905017418,50.5965259395329,5.43646293609808,0.07605499891,0.07311499891,2020.20467278689,2020.20761278689,2935000
718,719,0.01366,50.5965259395329,5.43646293609808,50.5877409720501,5.57681988116034,0.08971499891,0.07605499891,2020.20761278689,2020.22127278689,2935000
718,694,3.74863279475196e-05,50.5965259395329,5.43646293609808,50.5958784774329,5.4363711656715,0.0760924852379475,0.07605499891,2020.20761278689,2020.20765027322,2935000
719,695,3.86885138075194e-05,50.5877409720501,5.57681988116034,50.5906505081479,5.57950150671268,0.0897536874238075,0.08971499891,2020.22127278689,2020.2213114754,2935000
719,720,0.0082,50.5877409720501,5.57681988116034,50.3969101334369,4.75766184176093,0.09791499891,0.08971499891,2020.22127278689,2020.22947278689,2935000
720,696,3.54098251875296e-05,50.3969101334369,4.75766184176093,50.397446752548,4.75847699716656,0.0979504087351875,0.09791499891,2020.22947278689,2020.22950819672,2935000
720,721,0.02186,50.3969101334369,4.75766184176093,50.4462703143311,4.49892771793013,0.11977499891,0.09791499891,2020.22947278689,2020.25133278689,2935000
721,697,3.33333224275256e-05,50.4462703143311,4.49892771793013,50.446742722048,4.4861186350186,0.119808332232428,0.11977499891,2020.25133278689,2020.25136612021,2935000
721,722,0.00820000000000001,50.4462703143311,4.49892771793013,50.6157573595803,5.52768618581208,0.12797499891,0.11977499891,2020.25133278689,2020.25953278689,2935000
722,698,3.00546338075358e-05,50.6157573595803,5.52768618581208,50.6161415685204,5.51448835645268,0.128005053543808,0.12797499891,2020.25953278689,2020.25956284152,2935000
722,699,0.00276229507116751,50.6157573595803,5.52768618581208,50.6284505630067,5.61431146145139,0.130737293981168,0.12797499891,2020.25953278689,2020.26229508196,2935000
727,723,0.0930578142100143,50.6010480951263,5.59493416441819,50.6433025432708,5.42207468762982,0.0930578142100143,0,2020.16377278688,2020.25683060109,2935000
727,728,0.03855,50.6010480951263,5.59493416441819,50.6053087105589,5.61510004308833,0.03855,0,2020.16377278688,2020.20232278688,2935000
728,724,0.0217209289600143,50.6053087105589,5.61510004308833,50.7205152761603,5.90539536802967,0.0602709289600143,0.03855,2020.20232278688,2020.22404371584,2935000
728,729,0.01206,50.6053087105589,5.61510004308833,50.6046348047337,5.61308477216001,0.05061,0.03855,2020.20232278688,2020.21438278688,2935000
729,725,0.0506445355200143,50.6046348047337,5.61308477216001,50.6869643132223,5.67165661415603,0.101254535520014,0.05061,2020.21438278688,2020.2650273224,2935000
729,726,0.0397155737700143,50.6046348047337,5.61308477216001,50.586813005082,5.64265773967777,0.0903255737700143,0.05061,2020.21438278688,2020.25409836065,2935000
735,730,0.0265786885099937,50.6394140263276,5.63875229075172,50.5850377976947,5.61925972252351,0.0265786885099937,0,2020.19473278689,2020.2213114754,2935000
735,736,0.0232435343,50.6394140263276,5.63875229075172,50.6426441914554,5.64248243147452,0.0232435343,0,2020.19473278689,2020.21797632119,2935000
736,734,0.0415865203399937,50.6426441914554,5.64248243147452,50.6469139706476,5.58664112073333,0.0648300546399937,0.0232435343,2020.21797632119,2020.25956284153,2935000
736,737,0.000254054448600001,50.6426441914554,5.64248243147452,50.6424759269474,5.6414813997184,0.0234975887486,0.0232435343,2020.21797632119,2020.21823037564,2935000
737,733,0.0249390232599937,50.6424759269474,5.6414813997184,50.6157989363962,5.66006150158494,0.0484366120085937,0.0234975887486,2020.21823037564,2020.2431693989,2935000
737,738,0.000312411252299999,50.6424759269474,5.6414813997184,50.643111212813,5.6417435393648,0.0238100000009,0.0234975887486,2020.21823037564,2020.21854278689,2935000
738,731,0.0246266120099937,50.643111212813,5.6417435393648,50.5857677331386,5.35258813528071,0.0484366120108937,0.0238100000009,2020.21854278689,2020.2431693989,2935000
738,732,3.64480772837017e-05,50.643111212813,5.6417435393648,50.6431222092315,5.64226708678773,0.0238464480781837,0.0238100000009,2020.21854278689,2020.21857923497,2935000
