node1,node2,length,startLat,startLon,endLat,endLon,endNodeL,startNodeL,startYear,endYear,treeID,startProvince,endProvince,startCommune,endCommune,startProvince,endProvince,startCommune,endCommune
15,1,0.000381000000000006,633785.739166416,783254.530605758,633594.635219964,783592.583915909,0.000381000000000006,0,2020.22366271585,2020.22404371585,4753000,Liège,Liège,4750,4750,Liège,Liège,4750,4750
15,16,0.000359999999999999,633785.739166416,783254.530605758,627100.666290737,788991.193451028,0.000359999999999999,0,2020.22366271585,2020.22402271585,4753000,Liège,Liège,4750,4761,Liège,Liège,4750,4761
16,17,0.05209,627100.666290737,788991.193451028,649031.551012701,773983.197044734,0.05245,0.000359999999999999,2020.22402271585,2020.27611271585,4753000,Liège,Liège,4761,4730,Liège,Liège,4761,4730
16,18,0.00784,627100.666290737,788991.193451028,647131.145781232,778589.933013047,0.0082,0.000359999999999999,2020.22402271585,2020.23186271585,4753000,Liège,Liège,4761,4700,Liège,Liège,4761,4700
17,2,0.0326304535500016,649031.551012701,773983.197044734,642004.279437344,776063.346164795,0.0850804535500016,0.05245,2020.27611271585,2020.3087431694,4753000,Liège,Liège,4730,4700,Liège,Liège,4730,4700
17,3,0.0162374535500016,649031.551012701,773983.197044734,643955.040848366,776959.006924124,0.0686874535500016,0.05245,2020.27611271585,2020.2923501694,4753000,Liège,Liège,4730,4700,Liège,Liège,4730,4700
18,4,0.0768804535500016,647131.145781232,778589.933013047,645727.449992765,783006.262035757,0.0850804535500016,0.0082,2020.23186271585,2020.3087431694,4753000,Liège,Liège,4700,4700,Liège,Liège,4700,4700
18,19,0.02251,647131.145781232,778589.933013047,662856.980570234,767274.750811325,0.03071,0.0082,2020.23186271585,2020.25437271585,4753000,Liège,NA,4700,NA,Liège,NA,4700,NA
19,20,0.00244,662856.980570234,767274.750811325,660084.544463464,765671.573067792,0.03315,0.03071,2020.25437271585,2020.25681271585,4753000,NA,Liège,NA,4851,NA,Liège,NA,4851
19,21,0.00273,662856.980570234,767274.750811325,659772.850403028,768174.147023154,0.03344,0.03071,2020.25437271585,2020.25710271585,4753000,NA,NA,NA,NA,NA,NA,NA,NA
20,5,0.0000184535500016361,660084.544463464,765671.573067792,657012.79581117,765314.036763368,0.0331684535500016,0.03315,2020.25681271585,2020.2568311694,4753000,Liège,Liège,4851,4720,Liège,Liège,4851,4720
20,6,0.0000184535500016361,660084.544463464,765671.573067792,659721.667105112,766007.327830952,0.0331684535500016,0.03315,2020.25681271585,2020.2568311694,4753000,Liège,Liège,4851,4720,Liège,Liège,4851,4720
21,22,0.00244,659772.850403028,768174.147023154,660084.544463464,765671.573067792,0.03588,0.03344,2020.25710271585,2020.25954271585,4753000,NA,Liège,NA,4851,NA,Liège,NA,4851
21,7,0.00246045355000164,659772.850403028,768174.147023154,659898.132876325,767912.368129012,0.0359004535500016,0.03344,2020.25710271585,2020.2595631694,4753000,NA,NA,NA,4721,NA,NA,NA,4721
22,8,0.0000204535500016381,660084.544463464,765671.573067792,621391.079976291,788523.748538198,0.0359004535500016,0.03588,2020.25954271585,2020.2595631694,4753000,Liège,Liège,4851,4760,Liège,Liège,4851,4760
22,23,0.03279,660084.544463464,765671.573067792,644187.909666106,779012.661791215,0.06867,0.03588,2020.25954271585,2020.29233271585,4753000,Liège,Liège,4851,4700,Liège,Liège,4851,4700
23,9,0.0000174535500016421,644187.909666106,779012.661791215,644602.295578747,778648.891159856,0.0686874535500016,0.06867,2020.29233271585,2020.2923501694,4753000,Liège,Liège,4700,4700,Liège,Liège,4700,4700
23,24,0.01164,644187.909666106,779012.661791215,657572.234939067,765969.912170987,0.08031,0.06867,2020.29233271585,2020.30397271585,4753000,Liège,Liège,4700,4720,Liège,Liège,4700,4720
24,25,0.00231000000000001,657572.234939067,765969.912170987,656053.828664079,766648.767074835,0.08262,0.08031,2020.30397271585,2020.30628271585,4753000,Liège,Liège,4720,4728,Liège,Liège,4720,4728
24,10,0.00477045355000164,657572.234939067,765969.912170987,646907.942200398,762960.499727477,0.0850804535500016,0.08031,2020.30397271585,2020.3087431694,4753000,Liège,Liège,4720,4837,Liège,Liège,4720,4837
25,26,0.00244,656053.828664079,766648.767074835,660084.544463464,765671.573067792,0.08506,0.08262,2020.30628271585,2020.30872271585,4753000,Liège,Liège,4728,4851,Liège,Liège,4728,4851
25,27,0.00244,656053.828664079,766648.767074835,660084.544463464,765671.573067792,0.08506,0.08262,2020.30628271585,2020.30872271585,4753000,Liège,Liège,4728,4851,Liège,Liège,4728,4851
26,12,0.0000204535500016451,660084.544463464,765671.573067792,656864.291915067,765324.685370526,0.0850804535500016,0.08506,2020.30872271585,2020.3087431694,4753000,Liège,Liège,4851,4720,Liège,Liège,4851,4720
26,11,0.0000204535500016451,660084.544463464,765671.573067792,616567.188939974,790410.616604529,0.0850804535500016,0.08506,2020.30872271585,2020.3087431694,4753000,Liège,Liège,4851,4760,Liège,Liège,4851,4760
27,13,0.0000204535500016451,660084.544463464,765671.573067792,658631.237906772,765994.897038398,0.0850804535500016,0.08506,2020.30872271585,2020.3087431694,4753000,Liège,Liège,4851,4720,Liège,Liège,4851,4720
27,14,0.0000204535500016451,660084.544463464,765671.573067792,658531.374114447,765757.544950512,0.0850804535500016,0.08506,2020.30872271585,2020.3087431694,4753000,Liège,Liège,4851,4720,Liège,Liège,4851,4720
36,28,0.0000219999999999942,638292.905492119,770754.131114055,638342.365206904,770787.908618678,0.0000219999999999942,0,2020.16391242623,2020.16393442623,4753000,Liège,Liège,4837,4837,Liège,Liège,4837,4837
36,37,0.00849,638292.905492119,770754.131114055,646903.986346487,757218.943611985,0.00849,0,2020.16391242623,2020.17240242623,4753000,Liège,Liège,4837,4821,Liège,Liège,4837,4821
37,38,0.00244,646903.986346487,757218.943611985,644563.905379387,759774.600104884,0.01093,0.00849,2020.17240242623,2020.17484242623,4753000,Liège,Liège,4821,4801,Liège,Liège,4821,4801
37,39,0.01337,646903.986346487,757218.943611985,650143.700348599,744895.315745192,0.02186,0.00849,2020.17240242623,2020.18577242623,4753000,Liège,Liège,4821,4632,Liège,Liège,4821,4632
38,29,0.00275289617003015,644563.905379387,759774.600104884,653499.721368531,760313.572091665,0.0136828961700301,0.01093,2020.17484242623,2020.1775953224,4753000,Liège,Liège,4801,4841,Liège,Liège,4801,4841
38,30,0.0000208961700301491,644563.905379387,759774.600104884,644328.116767948,760083.212471651,0.0109508961700301,0.01093,2020.17484242623,2020.1748633224,4753000,Liège,Liège,4801,4830,Liège,Liège,4801,4830
39,31,0.0000198961700301342,650143.700348599,744895.315745192,650777.196483673,743982.01764556,0.0218798961700301,0.02186,2020.18577242623,2020.1857923224,4753000,Liège,Liège,4632,4671,Liège,Liège,4632,4671
39,40,0.01122,650143.700348599,744895.315745192,622597.9539941,776777.501835473,0.03308,0.02186,2020.18577242623,2020.19699242623,4753000,Liège,Liège,4632,4950,Liège,Liège,4632,4950
40,41,0.00244,622597.9539941,776777.501835473,644563.905379387,759774.600104884,0.03552,0.03308,2020.19699242623,2020.19943242623,4753000,Liège,Liège,4950,4801,Liège,Liège,4950,4801
40,42,0.00832,622597.9539941,776777.501835473,617231.378009995,778716.776441431,0.0414,0.03308,2020.19699242623,2020.20531242623,4753000,Liège,Liège,4950,4771,Liège,Liège,4950,4771
41,33,0.0000208961700301491,644563.905379387,759774.600104884,661283.761418774,754693.907387243,0.0355408961700301,0.03552,2020.19943242623,2020.1994533224,4753000,Liège,Limburg,4801,3793,Liège,Limburg,4801,3793
41,32,0.0000208961700301491,644563.905379387,759774.600104884,643303.267765298,771679.734280998,0.0355408961700301,0.03552,2020.19943242623,2020.1994533224,4753000,Liège,Liège,4801,4837,Liège,Liège,4801,4837
42,34,0.00233689617003014,617231.378009995,778716.776441431,611789.585609064,781623.756248252,0.0437368961700301,0.0414,2020.20531242623,2020.2076493224,4753000,Liège,Liège,4771,4770,Liège,Liège,4771,4770
42,35,0.0597148961700301,617231.378009995,778716.776441431,650002.13291104,732988.073192809,0.10111489617003,0.0414,2020.20531242623,2020.2650273224,4753000,Liège,Liège,4771,4430,Liège,Liège,4771,4430
47,48,0.00244,661142.950415532,754483.41551503,661283.239828013,754698.541594313,0.00244,0,2020.19699255191,2020.19943255191,4753000,Limburg,Limburg,3790,3793,Limburg,Limburg,3790,3793
47,49,0.00832,661142.950415532,754483.41551503,649537.737282592,735611.431424343,0.00832,0,2020.19699255191,2020.20531255191,4753000,Limburg,Liège,3790,4000,Limburg,Liège,3790,4000
48,43,0.0000210000000000071,661283.239828013,754698.541594313,643303.267765298,771679.734280998,0.002461,0.00244,2020.19943255191,2020.19945355191,4753000,Limburg,Liège,3793,4837,Limburg,Liège,3793,4837
48,44,0.0000207704901184907,661283.239828013,754698.541594313,661283.761418774,754693.907387243,0.00246077049011849,0.00244,2020.19943255191,2020.1994533224,4753000,Limburg,Limburg,3793,3793,Limburg,Limburg,3793,3793
49,45,0.00233677049011848,649537.737282592,735611.431424343,611789.585609064,781623.756248252,0.0106567704901185,0.00832,2020.20531255191,2020.2076493224,4753000,Liège,Liège,4000,4770,Liège,Liège,4000,4770
49,46,0.0597147704901185,649537.737282592,735611.431424343,650002.13291104,732988.073192809,0.0680347704901185,0.00832,2020.20531255191,2020.2650273224,4753000,Liège,Liège,4000,4430,Liège,Liège,4000,4430
53,50,0.021763,645169.13706232,738517.811407987,644107.601292089,737707.589729516,0.021763,0,2020.18042279235,2020.20218579235,4753000,Liège,Liège,4032,4053,Liège,Liège,4032,4053
53,54,0.019,645169.13706232,738517.811407987,645460.245863303,732800.505101807,0.019,0,2020.18042279235,2020.19942279235,4753000,Liège,Liège,4032,4000,Liège,Liège,4032,4000
54,51,0.0546755683099446,645460.245863303,732800.505101807,635868.408763382,733214.531552291,0.0736755683099446,0.019,2020.19942279235,2020.25409836066,4753000,Liège,Liège,4000,4130,Liège,Liège,4000,4130
54,52,0.0000305683099446133,645460.245863303,732800.505101807,645496.130779693,732833.298234528,0.0190305683099446,0.019,2020.19942279235,2020.19945336066,4753000,Liège,Liège,4000,4000,Liège,Liège,4000,4000
66,55,0.120062,630166.110586685,639420.408160631,632252.022263812,637859.19502108,0.120062,0,2020.0930527541,2020.2131147541,23765000,Hainaut,Hainaut,7170,7100,Hainaut,Hainaut,7170,7100
66,67,0.044023,630166.110586685,639420.408160631,647318.781315971,742058.951481893,0.044023,0,2020.0930527541,2020.1370757541,23765000,Hainaut,Liège,7170,4610,Hainaut,Liège,7170,4610
67,68,0.04318,647318.781315971,742058.951481893,657343.101370262,736818.216888542,0.087203,0.044023,2020.1370757541,2020.1802557541,23765000,Liège,Liège,4610,4680,Liège,Liège,4610,4680
67,70,0.000527,647318.781315971,742058.951481893,647399.076830867,742002.718373201,0.04455,0.044023,2020.1370757541,2020.1376027541,23765000,Liège,Liège,4610,4610,Liège,Liège,4610,4610
68,56,0.0000710491801042129,657343.101370262,736818.216888542,657591.771917594,736895.282383552,0.0872740491801042,0.087203,2020.1802557541,2020.18032680328,23765000,Liège,Liège,4680,4680,Liège,Liège,4680,4680
68,69,0.0000359999999999944,657343.101370262,736818.216888542,656603.078465994,737192.911225844,0.087239,0.087203,2020.1802557541,2020.1802917541,23765000,Liège,Liège,4680,4680,Liège,Liège,4680,4680
69,57,0.0000350491801042047,656603.078465994,737192.911225844,646101.216989852,738014.360673969,0.0872740491801042,0.087239,2020.1802917541,2020.18032680328,23765000,Liège,Liège,4680,4030,Liège,Liège,4680,4030
69,58,0.0000350491801042047,656603.078465994,737192.911225844,655987.805244944,737610.368292887,0.0872740491801042,0.087239,2020.1802917541,2020.18032680328,23765000,Liège,Liège,4680,4680,Liège,Liège,4680,4680
70,59,0.108299049180104,647399.076830867,742002.718373201,645175.440375378,738423.533533618,0.152849049180104,0.04455,2020.1376027541,2020.24590180328,23765000,Liège,Liège,4610,4032,Liège,Liège,4610,4032
70,71,0.04437,647399.076830867,742002.718373201,663281.194296895,732347.004611359,0.08892,0.04455,2020.1376027541,2020.1819727541,23765000,Liège,Limburg,4610,3700,Liège,Limburg,4610,3700
71,72,0.00342000000000001,663281.194296895,732347.004611359,621915.898066362,662429.414767954,0.09234,0.08892,2020.1819727541,2020.1853927541,23765000,Limburg,Hainaut,3700,6250,Limburg,Hainaut,3700,6250
71,60,0.0420710491801042,663281.194296895,732347.004611359,648722.063035101,771291.016031757,0.130991049180104,0.08892,2020.1819727541,2020.22404380328,23765000,Limburg,Liège,3700,4700,Limburg,Liège,3700,4700
72,61,0.0850990491801042,621915.898066362,662429.414767954,619509.321845003,661893.90824983,0.177439049180104,0.09234,2020.1853927541,2020.27049180328,23765000,Hainaut,Hainaut,6250,6200,Hainaut,Hainaut,6250,6200
72,73,0.000390000000000001,621915.898066362,662429.414767954,624383.609948699,661859.583697195,0.09273,0.09234,2020.1853927541,2020.1857827541,23765000,Hainaut,Hainaut,6250,6240,Hainaut,Hainaut,6250,6240
73,74,0.00437,624383.609948699,661859.583697195,625900.869055352,661008.163517149,0.0971,0.09273,2020.1857827541,2020.1901527541,23765000,Hainaut,Hainaut,6240,6240,Hainaut,Hainaut,6240,6240
73,62,0.0409930491801042,624383.609948699,661859.583697195,673235.654067548,645109.954755827,0.133723049180104,0.09273,2020.1857827541,2020.22677580328,23765000,Hainaut,Bruxelles,6240,1082,Hainaut,Bruxelles,6240,1082
74,63,0.0420880491801042,625900.869055352,661008.163517149,631662.248602259,658290.557716334,0.139188049180104,0.0971,2020.1901527541,2020.23224080328,23765000,Hainaut,Hainaut,6240,6211,Hainaut,Hainaut,6240,6211
74,75,0.03659,625900.869055352,661008.163517149,635764.456892441,653262.408162449,0.13369,0.0971,2020.1901527541,2020.2267427541,23765000,Hainaut,Hainaut,6240,6238,Hainaut,Hainaut,6240,6238
75,65,0.0191590491801042,635764.456892441,653262.408162449,635215.846043767,651491.117361354,0.152849049180104,0.13369,2020.2267427541,2020.24590180328,23765000,Hainaut,Hainaut,6238,6230,Hainaut,Hainaut,6238,6230
75,64,0.0000330491801042165,635764.456892441,653262.408162449,670101.109616007,698047.89762907,0.133723049180104,0.13369,2020.2267427541,2020.22677580328,23765000,Hainaut,VlaamsBrabant,6238,3350,Hainaut,VlaamsBrabant,6238,3350
80,76,0.054103,683443.322100883,690999.632873891,721280.27614978,672102.46313337,0.054103,0,2020.18906639891,2020.24316939891,4753000,VlaamsBrabant,Antwerpen,3460,2390,VlaamsBrabant,Antwerpen,3460,2390
80,81,0.0000980000000000009,683443.322100883,690999.632873891,683443.947219975,690993.850963146,0.0000980000000000009,0,2020.18906639891,2020.18916439891,4753000,VlaamsBrabant,VlaamsBrabant,3460,3460,VlaamsBrabant,VlaamsBrabant,3460,3460
81,77,0.032147,683443.947219975,690993.850963146,710692.072436232,706114.552496834,0.032245,0.0000980000000000009,2020.18916439891,2020.22131139891,4753000,VlaamsBrabant,Antwerpen,3460,2400,VlaamsBrabant,Antwerpen,3460,2400
81,82,0.000549000000000001,683443.947219975,690993.850963146,683359.767923513,690866.889930985,0.000647000000000002,0.0000980000000000009,2020.18916439891,2020.18971339891,4753000,VlaamsBrabant,VlaamsBrabant,3460,3460,VlaamsBrabant,VlaamsBrabant,3460,3460
82,78,0.039795,683359.767923513,690866.889930985,682460.707861464,690072.960299478,0.040442,0.000647000000000002,2020.18971339891,2020.22950839891,4753000,VlaamsBrabant,VlaamsBrabant,3460,3390,VlaamsBrabant,VlaamsBrabant,3460,3390
82,79,0.050724,683359.767923513,690866.889930985,694438.711141177,708299.528446153,0.051371,0.000647000000000002,2020.18971339891,2020.24043739891,4753000,VlaamsBrabant,Limburg,3460,3583,VlaamsBrabant,Limburg,3460,3583
87,83,0.071835,697996.682338225,698368.075872142,698273.354839221,698609.845446575,0.071835,0,2020.17133439891,2020.24316939891,4753000,Antwerpen,Antwerpen,2430,2430,Antwerpen,Antwerpen,2430,2430
87,88,0.000442999999999999,697996.682338225,698368.075872142,697951.172364503,698283.140562916,0.000442999999999999,0,2020.17133439891,2020.17177739891,4753000,Antwerpen,Antwerpen,2430,2430,Antwerpen,Antwerpen,2430,2430
88,84,0.065928,697951.172364503,698283.140562916,714257.812322577,721415.178959928,0.066371,0.000442999999999999,2020.17177739891,2020.23770539891,4753000,Antwerpen,Limburg,2430,3900,Antwerpen,Limburg,2430,3900
88,89,0.000255000000000005,697951.172364503,698283.140562916,697984.74665708,698342.694309884,0.000698000000000004,0.000442999999999999,2020.17177739891,2020.17203239891,4753000,Antwerpen,Antwerpen,2430,2430,Antwerpen,Antwerpen,2430,2430
89,85,0.057475,697984.74665708,698342.694309884,682760.32949797,652969.524646665,0.058173,0.000698000000000004,2020.17203239891,2020.22950739891,4753000,Antwerpen,VlaamsBrabant,2430,1850,Antwerpen,VlaamsBrabant,2430,1850
89,86,0.071137,697984.74665708,698342.694309884,718395.810602827,674852.613167297,0.071835,0.000698000000000004,2020.17203239891,2020.24316939891,4753000,Antwerpen,Antwerpen,2430,2980,Antwerpen,Antwerpen,2430,2980
95,96,0.00244,665949.484631603,661017.955694417,665985.475378954,661048.512821519,0.00244,0,2020.22156271585,2020.22400271585,23765000,VlaamsBrabant,VlaamsBrabant,3080,3080,VlaamsBrabant,VlaamsBrabant,3080,3080
95,97,0.00546,665949.484631603,661017.955694417,666141.275851934,661187.764848432,0.00546,0,2020.22156271585,2020.22702271585,23765000,VlaamsBrabant,VlaamsBrabant,3080,3080,VlaamsBrabant,VlaamsBrabant,3080,3080
96,90,0.0000409999999999994,665985.475378954,661048.512821519,705046.906303553,648572.717890105,0.002481,0.00244,2020.22400271585,2020.22404371585,23765000,VlaamsBrabant,Antwerpen,3080,2620,VlaamsBrabant,Antwerpen,3080,2620
96,91,0.00277268305988316,665985.475378954,661048.512821519,665975.562516932,661043.249116965,0.00521268305988316,0.00244,2020.22400271585,2020.22677539891,23765000,VlaamsBrabant,VlaamsBrabant,3080,3080,VlaamsBrabant,VlaamsBrabant,3080,3080
97,92,0.00248468305988316,666141.275851934,661187.764848432,692747.617948766,686128.305070733,0.00794468305988316,0.00546,2020.22702271585,2020.22950739891,23765000,VlaamsBrabant,Antwerpen,3080,2230,VlaamsBrabant,Antwerpen,3080,2230
97,98,0.01337,666141.275851934,661187.764848432,676911.915907329,673544.297527193,0.01883,0.00546,2020.22702271585,2020.24039271585,23765000,VlaamsBrabant,VlaamsBrabant,3080,3012,VlaamsBrabant,VlaamsBrabant,3080,3012
98,93,0.00277668305988316,676911.915907329,673544.297527193,712666.037269849,662439.682957455,0.0216066830598832,0.01883,2020.24039271585,2020.24316939891,23765000,VlaamsBrabant,Antwerpen,3012,2110,VlaamsBrabant,Antwerpen,3012,2110
98,94,0.0000436830598831567,676911.915907329,673544.297527193,676909.563494759,673541.779546036,0.0188736830598832,0.01883,2020.24039271585,2020.24043639891,23765000,VlaamsBrabant,VlaamsBrabant,3012,3012,VlaamsBrabant,VlaamsBrabant,3012,3012
103,99,0.082848,657750.667088393,758306.454607742,645475.805167229,722068.605987602,0.082848,0,2020.17398260109,2020.25683060109,4753000,Liège,Liège,4852,4460,Liège,Liège,4852,4460
103,104,0.03203,657750.667088393,758306.454607742,658054.476718514,759187.469724083,0.03203,0,2020.17398260109,2020.20601260109,4753000,Liège,Liège,4852,4852,Liège,Liège,4852,4852
104,100,0.0180307213100143,658054.476718514,759187.469724083,658082.876653976,759267.291260263,0.0500607213100143,0.03203,2020.20601260109,2020.2240433224,4753000,Liège,Liège,4852,4852,Liège,Liège,4852,4852
104,105,0.01695,658054.476718514,759187.469724083,658058.794041879,758993.325535997,0.04898,0.03203,2020.20601260109,2020.22296260109,4753000,Liège,Liège,4852,4852,Liège,Liège,4852,4852
105,101,0.0420647213100143,658058.794041879,758993.325535997,654414.060446384,742463.772057467,0.0910447213100143,0.04898,2020.22296260109,2020.2650273224,4753000,Liège,Liège,4852,4602,Liège,Liège,4852,4602
105,102,0.0311357213100143,658058.794041879,758993.325535997,642194.815864786,738952.547159649,0.0801157213100143,0.04898,2020.22296260109,2020.2540983224,4753000,Liège,Liège,4852,4050,Liège,Liège,4852,4050
111,106,0.022639,645571.708736906,737137.675779664,642810.179117121,737004.216225384,0.022639,0,2020.19867247541,2020.22131147541,4753000,Liège,Liège,4031,4053,Liège,Liège,4031,4053
111,112,0.019765,645571.708736906,737137.675779664,649164.033862386,739823.017666964,0.019765,0,2020.19867247541,2020.21843747541,4753000,Liège,Liège,4031,4020,Liège,Liège,4031,4020
112,113,0.000125,649164.033862386,739823.017666964,649264.257374926,739698.17912812,0.01989,0.019765,2020.21843747541,2020.21856247541,4753000,Liège,Liège,4020,4020,Liège,Liège,4020,4020
112,114,0.000125,649164.033862386,739823.017666964,649264.257374926,739698.17912812,0.01989,0.019765,2020.21843747541,2020.21856247541,4753000,Liège,Liège,4020,4020,Liège,Liège,4020,4020
113,107,0.0246073661199937,649264.257374926,739698.17912812,648231.883716538,742679.81270325,0.0444973661199937,0.01989,2020.21856247541,2020.24316984153,4753000,Liège,Liège,4020,4610,Liège,Liège,4020,4610
113,108,0.0246073661199937,649264.257374926,739698.17912812,643827.755001683,721663.707075135,0.0444973661199937,0.01989,2020.21856247541,2020.24316984153,4753000,Liège,Liège,4020,4470,Liège,Liège,4020,4470
114,109,0.0000163661199936854,649264.257374926,739698.17912812,647796.76862743,737138.109501098,0.0199063661199937,0.01989,2020.21856247541,2020.21857884153,4753000,Liège,Liège,4020,4020,Liège,Liège,4020,4020
114,110,0.0410003661199937,649264.257374926,739698.17912812,652301.174790691,733161.461185178,0.0608903661199937,0.01989,2020.21856247541,2020.25956284153,4753000,Liège,Liège,4020,4000,Liège,Liège,4020,4000
118,115,0.0000150000000000011,643191.440982064,572921.127577457,643208.331351776,572947.73524852,0.0000150000000000011,0,2020.22949319672,2020.22950819672,4753000,Hainaut,Hainaut,7522,7522,Hainaut,Hainaut,7522,7522
118,119,0.03825,643191.440982064,572921.127577457,636605.128209216,600727.213968904,0.03825,0,2020.22949319672,2020.26774319672,4753000,Hainaut,Hainaut,7522,7971,Hainaut,Hainaut,7522,7971
119,116,0.0000163661199936924,636605.128209216,600727.213968904,636604.286342663,600726.7701768,0.0382663661199937,0.03825,2020.26774319672,2020.26775956284,4753000,Hainaut,Hainaut,7971,7971,Hainaut,Hainaut,7971,7971
119,117,0.0000163661199936924,636605.128209216,600727.213968904,636159.356238246,595883.421515817,0.0382663661199937,0.03825,2020.26774319672,2020.26775956284,4753000,Hainaut,Hainaut,7971,7601,Hainaut,Hainaut,7971,7601
144,154,0.000305,654136.716356459,668733.23612754,652240.565183038,665536.619182146,0.000305,0,2020.15059719672,2020.15090219672,4753000,BrabantWallon,BrabantWallon,1300,1340,BrabantWallon,BrabantWallon,1300,1340
144,145,0.032644,654136.716356459,668733.23612754,645208.26232935,674044.771524849,0.032644,0,2020.15059719672,2020.18324119672,4753000,BrabantWallon,BrabantWallon,1300,1457,BrabantWallon,BrabantWallon,1300,1457
145,146,0.000679999999999986,645208.26232935,674044.771524849,644387.589005746,680294.309001757,0.033324,0.032644,2020.18324119672,2020.18392119672,4753000,BrabantWallon,BrabantWallon,1457,1360,BrabantWallon,BrabantWallon,1457,1360
145,148,0.00110099999999999,645208.26232935,674044.771524849,645029.966881607,667752.083761399,0.033745,0.032644,2020.18324119672,2020.18434219672,4753000,BrabantWallon,BrabantWallon,1457,1435,BrabantWallon,BrabantWallon,1457,1435
146,120,0.045587,644387.589005746,680294.309001757,645213.27837536,660472.799401023,0.078911,0.033324,2020.18392119672,2020.22950819672,4753000,BrabantWallon,BrabantWallon,1360,1470,BrabantWallon,BrabantWallon,1360,1470
146,147,0.081091,644387.589005746,680294.309001757,656070.240583819,741458.927738084,0.114415,0.033324,2020.18392119672,2020.26501219672,4753000,BrabantWallon,Liège,1360,4681,BrabantWallon,Liège,1360,4681
147,122,0.0000157704901184857,656070.240583819,741458.927738084,660347.033518613,751230.843956215,0.114430770490118,0.114415,2020.26501219672,2020.26502796721,4753000,Liège,Limburg,4681,3790,Liège,Limburg,4681,3790
147,121,0.0000157704901184857,656070.240583819,741458.927738084,646018.944880149,761202.136617707,0.114430770490118,0.114415,2020.26501219672,2020.26502796721,4753000,Liège,Liège,4681,4830,Liège,Liège,4681,4830
148,151,0.00788,645029.966881607,667752.083761399,653483.437396056,649747.951184009,0.041625,0.033745,2020.18434219672,2020.19222219672,4753000,BrabantWallon,BrabantWallon,1435,1420,BrabantWallon,BrabantWallon,1435,1420
148,149,0.02822,645029.966881607,667752.083761399,625533.339301881,663444.108164564,0.061965,0.033745,2020.18434219672,2020.21256219672,4753000,BrabantWallon,Hainaut,1435,6240,BrabantWallon,Hainaut,1435,6240
149,123,0.0169457704901185,625533.339301881,663444.108164564,620882.147130081,659195.08116962,0.0789107704901185,0.061965,2020.21256219672,2020.22950796721,4753000,Hainaut,Hainaut,6240,6061,Hainaut,Hainaut,6240,6061
149,150,0.0142,625533.339301881,663444.108164564,627035.019825411,655491.817284641,0.076165,0.061965,2020.21256219672,2020.22676219672,4753000,Hainaut,Hainaut,6240,6040,Hainaut,Hainaut,6240,6040
150,124,0.0000137704901184837,627035.019825411,655491.817284641,626602.093001581,655167.334328875,0.0761787704901185,0.076165,2020.22676219672,2020.22677596721,4753000,Hainaut,Hainaut,6040,6040,Hainaut,Hainaut,6040,6040
150,125,0.0000137704901184837,627035.019825411,655491.817284641,638828.448737194,604839.961196904,0.0761787704901185,0.076165,2020.22676219672,2020.22677596721,4753000,Hainaut,Hainaut,6040,7950,Hainaut,Hainaut,6040,7950
151,126,0.0427507704901185,653483.437396056,649747.951184009,639718.972304918,630017.612253304,0.0843757704901185,0.041625,2020.19222219672,2020.23497296721,4753000,BrabantWallon,Hainaut,1420,7060,BrabantWallon,Hainaut,1420,7060
151,152,0.00381000000000001,653483.437396056,649747.951184009,651821.175921077,646763.684839186,0.045435,0.041625,2020.19222219672,2020.19603219672,4753000,BrabantWallon,BrabantWallon,1420,1440,BrabantWallon,BrabantWallon,1420,1440
152,127,0.0416727704901185,651821.175921077,646763.684839186,676821.442910345,648118.698939596,0.0871077704901185,0.045435,2020.19603219672,2020.23770496721,4753000,BrabantWallon,VlaamsBrabant,1440,1020,BrabantWallon,VlaamsBrabant,1440,1020
152,153,0.02799,651821.175921077,646763.684839186,657524.713819321,651534.979343903,0.073425,0.045435,2020.19603219672,2020.22402219672,4753000,BrabantWallon,BrabantWallon,1440,1410,BrabantWallon,BrabantWallon,1440,1410
153,128,0.0000217704901184779,657524.713819321,651534.979343903,657578.942935312,651680.146940532,0.0734467704901185,0.073425,2020.22402219672,2020.22404396721,4753000,BrabantWallon,BrabantWallon,1410,1410,BrabantWallon,BrabantWallon,1410,1410
153,129,0.00275377049011849,657524.713819321,651534.979343903,635196.628884376,601025.538541939,0.0761787704901185,0.073425,2020.22402219672,2020.22677596721,4753000,BrabantWallon,Hainaut,1410,7972,BrabantWallon,Hainaut,1410,7972
154,155,0.07275,652240.565183038,665536.619182146,651213.981768304,739272.341428929,0.073055,0.000305,2020.15090219672,2020.22365219672,4753000,BrabantWallon,Liège,1340,4040,BrabantWallon,Liège,1340,4040
154,159,0.0365,652240.565183038,665536.619182146,653353.55602906,673744.136592901,0.036805,0.000305,2020.15090219672,2020.18740219672,4753000,BrabantWallon,BrabantWallon,1340,1325,BrabantWallon,BrabantWallon,1340,1325
155,130,0.0195177704901185,651213.981768304,739272.341428929,637258.173479425,723190.927667398,0.0925727704901185,0.073055,2020.22365219672,2020.24316996721,4753000,Liège,Liège,4040,4480,Liège,Liège,4040,4480
155,156,0.01951,651213.981768304,739272.341428929,654558.640860834,736729.144312577,0.092565,0.073055,2020.22365219672,2020.24316219672,4753000,Liège,Liège,4040,4041,Liège,Liège,4040,4041
156,131,0.00000777049011847775,654558.640860834,736729.144312577,654591.208326429,736548.859441932,0.0925727704901185,0.092565,2020.24316219672,2020.24316996721,4753000,Liège,Liège,4041,4041,Liège,Liège,4041,4041
156,157,0.00273,654558.640860834,736729.144312577,644359.710336012,755523.387990899,0.095295,0.092565,2020.24316219672,2020.24589219672,4753000,Liège,Liège,4041,4821,Liège,Liège,4041,4821
157,132,0.00000977049011847975,644359.710336012,755523.387990899,644138.341118424,754333.657469331,0.0953047704901185,0.095295,2020.24589219672,2020.24590196721,4753000,Liège,Liège,4821,4800,Liège,Liège,4821,4800
157,158,0.00684,644359.710336012,755523.387990899,638484.740164177,746439.157238678,0.102135,0.095295,2020.24589219672,2020.25273219672,4753000,Liège,Liège,4821,4141,Liège,Liège,4821,4141
158,134,0.0423497704901185,638484.740164177,746439.157238678,639248.937911436,732228.320292446,0.144484770490118,0.102135,2020.25273219672,2020.29508196721,4753000,Liège,Liège,4141,4100,Liège,Liège,4141,4100
158,133,0.0423497704901185,638484.740164177,746439.157238678,643798.614983222,739260.79746163,0.144484770490118,0.102135,2020.25273219672,2020.29508196721,4753000,Liège,Liège,4141,4051,Liège,Liège,4141,4051
159,135,0.0421057704901185,653353.55602906,673744.136592901,669331.86243515,655534.436721049,0.0789107704901185,0.036805,2020.18740219672,2020.22950796721,4753000,BrabantWallon,Bruxelles,1325,1150,BrabantWallon,Bruxelles,1325,1150
159,160,0.00824,653353.55602906,673744.136592901,659021.933281884,675434.017291369,0.045045,0.036805,2020.18740219672,2020.19564219672,4753000,BrabantWallon,BrabantWallon,1325,1390,BrabantWallon,BrabantWallon,1325,1390
160,136,0.0420627704901185,659021.933281884,675434.017291369,620010.041786515,605315.150866802,0.0871077704901185,0.045045,2020.19564219672,2020.23770496721,4753000,BrabantWallon,Hainaut,1390,7370,BrabantWallon,Hainaut,1390,7370
160,161,0.00956,659021.933281884,675434.017291369,640607.562939793,730468.430985815,0.054605,0.045045,2020.19564219672,2020.20520219672,4753000,BrabantWallon,Liège,1390,4100,BrabantWallon,Liège,1390,4100
161,137,0.0898797704901185,640607.562939793,730468.430985815,627788.407395898,756147.996083106,0.144484770490118,0.054605,2020.20520219672,2020.29508196721,4753000,Liège,Liège,4100,4900,Liège,Liège,4100,4900
161,162,0.00244,640607.562939793,730468.430985815,643330.883242651,725126.238797833,0.057045,0.054605,2020.20520219672,2020.20764219672,4753000,Liège,Liège,4100,4400,Liège,Liège,4100,4400
162,163,0.01366,643330.883242651,725126.238797833,642819.28414916,738423.46680816,0.070705,0.057045,2020.20764219672,2020.22130219672,4753000,Liège,Liège,4400,4053,Liège,Liège,4400,4053
162,138,0.00000777049011847775,643330.883242651,725126.238797833,643393.001597768,725156.200044067,0.0570527704901185,0.057045,2020.20764219672,2020.20764996721,4753000,Liège,Liège,4400,4400,Liège,Liège,4400,4400
163,139,0.00000977049011847975,642819.28414916,738423.46680816,642505.771597659,736369.952252812,0.0707147704901185,0.070705,2020.22130219672,2020.22131196721,4753000,Liège,Liège,4053,4031,Liège,Liège,4053,4031
163,164,0.0082,642819.28414916,738423.46680816,643073.020667459,730923.460793709,0.078905,0.070705,2020.22130219672,2020.22950219672,4753000,Liège,Liège,4053,4100,Liège,Liège,4053,4100
164,140,0.00000577049011848962,643073.020667459,730923.460793709,619734.868467993,671660.024361806,0.0789107704901185,0.078905,2020.22950219672,2020.22950796721,4753000,Liège,Namur,4100,5070,Liège,Namur,4100,5070
164,165,0.02186,643073.020667459,730923.460793709,626248.294474463,658198.469783109,0.100765,0.078905,2020.22950219672,2020.25136219672,4753000,Liège,Hainaut,4100,6043,Liège,Hainaut,4100,6043
165,141,0.00000377049011848762,626248.294474463,658198.469783109,626301.811131923,658136.028610079,0.100768770490118,0.100765,2020.25136219672,2020.25136596721,4753000,Hainaut,Hainaut,6043,6043,Hainaut,Hainaut,6043,6043
165,166,0.0082,626248.294474463,658198.469783109,643073.020667459,730923.460793709,0.108965,0.100765,2020.25136219672,2020.25956219672,4753000,Hainaut,Liège,6043,4100,Hainaut,Liège,6043,4100
166,142,0.000000770490118484624,643073.020667459,730923.460793709,642991.210494966,731172.956283828,0.108965770490118,0.108965,2020.25956219672,2020.25956296721,4753000,Liège,Liège,4100,4100,Liège,Liège,4100,4100
166,143,0.00273277049011848,643073.020667459,730923.460793709,647003.515901518,739792.941476986,0.111697770490118,0.108965,2020.25956219672,2020.26229496721,4753000,Liège,Liège,4100,4030,Liège,Liège,4100,4030
171,172,0.000315999999999997,627348.528432951,712697.886277638,627336.523518417,712616.965539618,0.000315999999999997,0,2020.20926660109,2020.20958260109,4753000,Liège,Liège,4570,4570,Liège,Liège,4570,4570
171,173,0.012036,627348.528432951,712697.886277638,627205.349627593,712460.326040245,0.012036,0,2020.20926660109,2020.22130260109,4753000,Liège,Liège,4570,4570,Liège,Liège,4570,4570
172,167,0.047248,627336.523518417,712616.965539618,638352.706029381,741350.463134731,0.047564,0.000315999999999997,2020.20958260109,2020.25683060109,4753000,Liège,Liège,4570,4140,Liège,Liège,4570,4140
172,168,0.047248,627336.523518417,712616.965539618,650951.956194052,763906.602280075,0.047564,0.000315999999999997,2020.20958260109,2020.25683060109,4753000,Liège,Liège,4570,4840,Liège,Liège,4570,4840
173,169,0.00000900000000000206,627205.349627593,712460.326040245,627200.31703903,712450.337350459,0.012045,0.012036,2020.22130260109,2020.22131160109,4753000,Liège,Liège,4570,4570,Liège,Liège,4570,4570
173,170,0.00000900000000000206,627205.349627593,712460.326040245,621620.613947002,733338.677581932,0.012045,0.012036,2020.22130260109,2020.22131160109,4753000,Liège,Liège,4570,4190,Liège,Liège,4570,4190
177,174,0.038748,649516.051054097,737372.746925257,649828.060857379,738582.443275743,0.038748,0,2020.1743667541,2020.2131147541,4753000,Liège,Liège,4020,4020,Liège,Liège,4020,4020
177,178,0.000476000000000004,649516.051054097,737372.746925257,649527.220766885,737311.688967282,0.000476000000000004,0,2020.1743667541,2020.1748427541,4753000,Liège,Liège,4020,4000,Liège,Liège,4020,4000
178,175,0.0847200874300079,649527.220766885,737311.688967282,639036.61561205,761789.361359551,0.0851960874300079,0.000476000000000004,2020.1748427541,2020.25956284153,4753000,Liège,Liège,4000,4845,Liège,Liège,4000,4845
178,176,0.0792560874300079,649527.220766885,737311.688967282,638512.146051671,674657.150296433,0.0797320874300079,0.000476000000000004,2020.1748427541,2020.25409884153,4753000,Liège,Namur,4000,5030,Liège,Namur,4000,5030
184,179,0.0217,634274.037016991,761841.138747514,633852.144429244,762159.277816344,0.0217,0,2020.23786284153,2020.25956284153,4753000,Liège,Liège,4845,4845,Liège,Liège,4845,4845
184,185,0.01385,634274.037016991,761841.138747514,639953.571713019,763498.405164151,0.01385,0,2020.23786284153,2020.25171284153,4753000,Liège,Liège,4845,4845,Liège,Liège,4845,4845
185,180,0.0461013661199937,639953.571713019,763498.405164151,648675.589367747,758910.214387746,0.0599513661199937,0.01385,2020.25171284153,2020.29781420765,4753000,Liège,Liège,4845,4831,Liège,Liège,4845,4831
185,186,0.00238,639953.571713019,763498.405164151,639646.995503311,763121.658988393,0.01623,0.01385,2020.25171284153,2020.25409284153,4753000,Liège,Liège,4845,4845,Liège,Liège,4845,4845
186,181,0.00000636611999368236,639646.995503311,763121.658988393,639651.659972352,763118.45853703,0.0162363661199937,0.01623,2020.25409284153,2020.25409920765,4753000,Liège,Liège,4845,4845,Liège,Liège,4845,4845
186,187,0.01093,639646.995503311,763121.658988393,641141.502362706,754230.554718144,0.02716,0.01623,2020.25409284153,2020.26502284153,4753000,Liège,Liège,4845,4800,Liège,Liège,4845,4800
187,182,0.0000053661199936883,641141.502362706,754230.554718144,641216.898663972,754130.474655306,0.0271653661199937,0.02716,2020.26502284153,2020.26502820765,4753000,Liège,Liège,4800,4800,Liège,Liège,4800,4800
187,183,0.00273736611999368,641141.502362706,754230.554718144,635457.07088652,757177.375261288,0.0298973661199937,0.02716,2020.26502284153,2020.26776020765,4753000,Liège,Liège,4800,4910,Liège,Liège,4800,4910
210,211,0.017211,633730.269429368,605704.85442517,634111.583788577,613685.514972918,0.017211,0,2020.17704215847,2020.19425315847,4753000,Hainaut,Hainaut,7332,7050,Hainaut,Hainaut,7332,7050
210,217,0.000480999999999995,633730.269429368,605704.85442517,633338.637359292,605742.604174387,0.000480999999999995,0,2020.17704215847,2020.17752315847,4753000,Hainaut,Hainaut,7332,7973,Hainaut,Hainaut,7332,7973
211,188,0.046184,634111.583788577,613685.514972918,634395.069471654,597922.988057891,0.063395,0.017211,2020.19425315847,2020.24043715847,4753000,Hainaut,Hainaut,7050,7971,Hainaut,Hainaut,7050,7971
211,212,0.015792,634111.583788577,613685.514972918,626580.134206753,617590.353439263,0.033003,0.017211,2020.19425315847,2020.21004515847,4753000,Hainaut,Hainaut,7050,7033,Hainaut,Hainaut,7050,7033
212,189,0.0276596448099794,626580.134206753,617590.353439263,626385.732573266,619905.005539282,0.0606626448099794,0.033003,2020.21004515847,2020.23770480328,4753000,Hainaut,Hainaut,7033,7000,Hainaut,Hainaut,7033,7000
212,213,0.000442999999999999,626580.134206753,617590.353439263,626049.493415954,617139.611293199,0.033446,0.033003,2020.21004515847,2020.21048815847,4753000,Hainaut,Hainaut,7033,7012,Hainaut,Hainaut,7033,7012
213,214,0.0000850000000000017,626049.493415954,617139.611293199,626064.129273116,617172.112075367,0.033531,0.033446,2020.21048815847,2020.21057315847,4753000,Hainaut,Hainaut,7012,7012,Hainaut,Hainaut,7012,7012
213,190,0.0299486448099794,626049.493415954,617139.611293199,616499.520222121,613495.018714459,0.0633946448099794,0.033446,2020.21048815847,2020.24043680328,4753000,Hainaut,Hainaut,7012,7080,Hainaut,Hainaut,7012,7080
214,215,0.01379,626064.129273116,617172.112075367,626096.039708312,619469.03122961,0.047321,0.033531,2020.21057315847,2020.22436315847,4753000,Hainaut,Hainaut,7012,7033,Hainaut,Hainaut,7012,7033
214,191,0.0325966448099794,626064.129273116,617172.112075367,636634.903007833,593966.679708663,0.0661276448099794,0.033531,2020.21057315847,2020.24316980328,4753000,Hainaut,Hainaut,7012,7602,Hainaut,Hainaut,7012,7602
215,192,0.0133416448099794,626096.039708312,619469.03122961,632021.389100702,614128.701475467,0.0606626448099794,0.047321,2020.22436315847,2020.23770480328,4753000,Hainaut,Hainaut,7033,7331,Hainaut,Hainaut,7033,7331
215,216,0.00241,626096.039708312,619469.03122961,626407.806466655,619886.696224447,0.049731,0.047321,2020.22436315847,2020.22677315847,4753000,Hainaut,Hainaut,7033,7000,Hainaut,Hainaut,7033,7000
216,193,0.00000264480997944072,626407.806466655,619886.696224447,626451.921991273,619779.865892222,0.0497336448099794,0.049731,2020.22677315847,2020.22677580328,4753000,Hainaut,Hainaut,7000,7000,Hainaut,Hainaut,7000,7000
216,194,0.0109316448099794,626407.806466655,619886.696224447,627252.597281761,633992.602694524,0.0606626448099794,0.049731,2020.22677315847,2020.23770480328,4753000,Hainaut,Hainaut,7000,7100,Hainaut,Hainaut,7000,7100
217,195,0.0492526448099794,633338.637359292,605742.604174387,664850.908366641,656993.083389752,0.0497336448099794,0.000480999999999995,2020.17752315847,2020.22677580328,4753000,Hainaut,Bruxelles,7973,1160,Hainaut,Bruxelles,7973,1160
217,218,0.01778,633338.637359292,605742.604174387,632007.247480802,606241.412527199,0.018261,0.000480999999999995,2020.17752315847,2020.19530315847,4753000,Hainaut,Hainaut,7973,7334,Hainaut,Hainaut,7973,7334
218,219,0.000338000000000005,632007.247480802,606241.412527199,622563.081692444,617499.201226754,0.018599,0.018261,2020.19530315847,2020.19564115847,4753000,Hainaut,Hainaut,7334,7080,Hainaut,Hainaut,7334,7080
218,196,0.0451336448099794,632007.247480802,606241.412527199,637211.651073727,613692.629279988,0.0633946448099794,0.018261,2020.19530315847,2020.24043680328,4753000,Hainaut,Hainaut,7334,7050,Hainaut,Hainaut,7334,7050
219,197,0.0447956448099794,622563.081692444,617499.201226754,617480.112690753,623392.865659312,0.0633946448099794,0.018599,2020.19564115847,2020.24043680328,4753000,Hainaut,Hainaut,7080,7041,Hainaut,Hainaut,7080,7041
219,220,0.000441999999999998,622563.081692444,617499.201226754,622829.588570166,616927.681089992,0.019041,0.018599,2020.19564115847,2020.19608315847,4753000,Hainaut,Hainaut,7080,7080,Hainaut,Hainaut,7080,7080
220,221,0.000350000000000003,622829.588570166,616927.681089992,622182.196460131,615492.195429345,0.019391,0.019041,2020.19608315847,2020.19643315847,4753000,Hainaut,Hainaut,7080,7080,Hainaut,Hainaut,7080,7080
220,198,0.0416216448099794,622829.588570166,616927.681089992,626762.354065959,619252.162437747,0.0606626448099794,0.019041,2020.19608315847,2020.23770480328,4753000,Hainaut,Hainaut,7080,7000,Hainaut,Hainaut,7080,7000
221,222,0.00465,622182.196460131,615492.195429345,624095.116098966,626684.278273762,0.024041,0.019391,2020.19643315847,2020.20108315847,4753000,Hainaut,Hainaut,7080,7031,Hainaut,Hainaut,7080,7031
221,199,0.0412716448099794,622182.196460131,615492.195429345,621766.919969785,611260.985550386,0.0606626448099794,0.019391,2020.19643315847,2020.23770480328,4753000,Hainaut,Hainaut,7080,7340,Hainaut,Hainaut,7080,7340
222,223,0.0182,624095.116098966,626684.278273762,621190.382252269,620374.191391874,0.042241,0.024041,2020.20108315847,2020.21928315847,4753000,Hainaut,Hainaut,7031,7040,Hainaut,Hainaut,7031,7040
222,200,0.0420866448099794,624095.116098966,626684.278273762,657924.731908374,650438.951186287,0.0661276448099794,0.024041,2020.20108315847,2020.24316980328,4753000,Hainaut,VlaamsBrabant,7031,1640,Hainaut,VlaamsBrabant,7031,1640
223,224,0.00505,621190.382252269,620374.191391874,625093.394925229,621801.390523566,0.047291,0.042241,2020.21928315847,2020.22433315847,4753000,Hainaut,Hainaut,7040,7022,Hainaut,Hainaut,7040,7022
223,226,0.00231,621190.382252269,620374.191391874,621603.497204995,621497.455806314,0.044551,0.042241,2020.21928315847,2020.22159315847,4753000,Hainaut,Hainaut,7040,7022,Hainaut,Hainaut,7040,7022
224,201,0.0461586448099794,625093.394925229,621801.390523566,639153.587288567,579257.971495689,0.0934496448099794,0.047291,2020.22433315847,2020.27049180328,4753000,Hainaut,Hainaut,7022,7500,Hainaut,Hainaut,7022,7500
224,225,0.00244,625093.394925229,621801.390523566,625049.258585522,622317.334664156,0.049731,0.047291,2020.22433315847,2020.22677315847,4753000,Hainaut,Hainaut,7022,7000,Hainaut,Hainaut,7022,7000
225,203,0.00000264480997944072,625049.258585522,622317.334664156,625122.201253192,622628.562003636,0.0497336448099794,0.049731,2020.22677315847,2020.22677580328,4753000,Hainaut,Hainaut,7000,7000,Hainaut,Hainaut,7000,7000
225,202,0.00273464480997944,625049.258585522,622317.334664156,626346.297775113,615851.857920577,0.0524656448099794,0.049731,2020.22677315847,2020.22950780328,4753000,Hainaut,Hainaut,7000,7012,Hainaut,Hainaut,7000,7012
226,227,0.00244,621603.497204995,621497.455806314,625049.258585522,622317.334664156,0.046991,0.044551,2020.22159315847,2020.22403315847,4753000,Hainaut,Hainaut,7022,7000,Hainaut,Hainaut,7022,7000
226,228,0.00684,621603.497204995,621497.455806314,622125.74711527,619606.836748289,0.051391,0.044551,2020.22159315847,2020.22843315847,4753000,Hainaut,Hainaut,7022,7024,Hainaut,Hainaut,7022,7024
227,205,0.00274264480997944,625049.258585522,622317.334664156,622845.179477647,611950.63583765,0.0497336448099794,0.046991,2020.22403315847,2020.22677580328,4753000,Hainaut,Hainaut,7000,7340,Hainaut,Hainaut,7000,7340
227,204,0.0000106448099794348,625049.258585522,622317.334664156,621484.85871592,613205.365510817,0.0470016448099794,0.046991,2020.22403315847,2020.22404380328,4753000,Hainaut,Hainaut,7000,7340,Hainaut,Hainaut,7000,7340
228,206,0.0420586448099794,622125.74711527,619606.836748289,668981.326996456,660284.42684007,0.0934496448099794,0.051391,2020.22843315847,2020.27049180328,4753000,Hainaut,VlaamsBrabant,7024,1970,Hainaut,VlaamsBrabant,7024,1970
228,229,0.00685,622125.74711527,619606.836748289,622296.208774577,617759.404617377,0.058241,0.051391,2020.22843315847,2020.23528315847,4753000,Hainaut,Hainaut,7024,7080,Hainaut,Hainaut,7024,7080
229,209,0.00242164480997944,622296.208774577,617759.404617377,621368.852559525,614476.959269159,0.0606626448099794,0.058241,2020.23528315847,2020.23770480328,4753000,Hainaut,Hainaut,7080,7340,Hainaut,Hainaut,7080,7340
229,230,0.00514000000000001,622296.208774577,617759.404617377,634918.373149033,625725.089525202,0.063381,0.058241,2020.23528315847,2020.24042315847,4753000,Hainaut,Hainaut,7080,7061,Hainaut,Hainaut,7080,7061
230,208,0.0000136448099794378,634918.373149033,625725.089525202,634849.504248323,630809.535223493,0.0633946448099794,0.063381,2020.24042315847,2020.24043680328,4753000,Hainaut,Hainaut,7061,7070,Hainaut,Hainaut,7061,7070
230,207,0.0000136448099794378,634918.373149033,625725.089525202,634425.994706191,610866.996025928,0.0633946448099794,0.063381,2020.24042315847,2020.24043680328,4753000,Hainaut,Hainaut,7061,7332,Hainaut,Hainaut,7061,7332
235,231,0.002027,611874.061207415,606566.448158962,632047.252487722,609346.008467919,0.002027,0,2020.20562327322,2020.20765027322,4753000,NA,Hainaut,NA,7334,NA,Hainaut,NA,7334
235,236,0.00231,611874.061207415,606566.448158962,613663.662167679,605492.916736036,0.00231,0,2020.20562327322,2020.20793327322,4753000,NA,NA,NA,NA,NA,NA,NA,NA
236,232,0.00244924044008202,613663.662167679,605492.916736036,647322.613519496,586530.117649849,0.00475924044008202,0.00231,2020.20793327322,2020.21038251366,4753000,NA,Hainaut,NA,7540,NA,Hainaut,NA,7540
236,237,0.00244,613663.662167679,605492.916736036,617800.31198874,602111.181976144,0.00475,0.00231,2020.20793327322,2020.21037327322,4753000,NA,Hainaut,NA,7387,NA,Hainaut,NA,7387
237,233,0.00000924044008202268,617800.31198874,602111.181976144,617826.788829075,602108.032471835,0.00475924044008202,0.00475,2020.21037327322,2020.21038251366,4753000,Hainaut,Hainaut,7387,7387,Hainaut,Hainaut,7387,7387
237,234,0.00000924044008202268,617800.31198874,602111.181976144,612702.155484843,604131.302563964,0.00475924044008202,0.00475,2020.21037327322,2020.21038251366,4753000,Hainaut,Hainaut,7387,7387,Hainaut,Hainaut,7387,7387
265,238,0.067603,627395.964026195,637957.358201007,629153.810199301,648732.465876985,0.067603,0,2020.15917295628,2020.22677595628,4753000,Hainaut,Hainaut,7100,6183,Hainaut,Hainaut,7100,6183
265,266,0.00262,627395.964026195,637957.358201007,626107.186499304,640175.960796676,0.00262,0,2020.15917295628,2020.16179295628,4753000,Hainaut,Hainaut,7100,7140,Hainaut,Hainaut,7100,7140
266,267,0.00542000000000001,626107.186499304,640175.960796676,665167.270814983,646018.469221032,0.00804000000000001,0.00262,2020.16179295628,2020.16721295628,4753000,Hainaut,VlaamsBrabant,7140,1620,Hainaut,VlaamsBrabant,7140,1620
266,239,0.0622513278698626,626107.186499304,640175.960796676,619072.036436229,656764.416294378,0.0648713278698626,0.00262,2020.16179295628,2020.22404428415,4753000,Hainaut,Hainaut,7140,6010,Hainaut,Hainaut,7140,6010
267,268,0.00266999999999999,665167.270814983,646018.469221032,665194.272084225,646542.786681966,0.01071,0.00804000000000001,2020.16721295628,2020.16988295628,4753000,VlaamsBrabant,Bruxelles,1620,1180,VlaamsBrabant,Bruxelles,1620,1180
267,240,0.0978153278698626,665167.270814983,646018.469221032,670396.020321919,644614.617998245,0.105855327869863,0.00804000000000001,2020.16721295628,2020.26502828415,4753000,VlaamsBrabant,Bruxelles,1620,1070,VlaamsBrabant,Bruxelles,1620,1070
268,269,0.00535000000000001,665194.272084225,646542.786681966,675770.451834928,654558.17215255,0.01606,0.01071,2020.16988295628,2020.17523295628,4753000,Bruxelles,VlaamsBrabant,1180,1831,Bruxelles,VlaamsBrabant,1180,1831
268,241,0.0541613278698626,665194.272084225,646542.786681966,666240.852408093,653026.398962613,0.0648713278698626,0.01071,2020.16988295628,2020.22404428415,4753000,Bruxelles,Bruxelles,1180,1170,Bruxelles,Bruxelles,1180,1170
269,270,0.00233999999999999,675770.451834928,654558.17215255,676012.831346806,652214.775234128,0.0184,0.01606,2020.17523295628,2020.17757295628,4753000,VlaamsBrabant,Bruxelles,1831,1130,VlaamsBrabant,Bruxelles,1831,1130
269,242,0.0679373278698626,675770.451834928,654558.17215255,641147.11924527,729546.251754598,0.0839973278698626,0.01606,2020.17523295628,2020.24317028415,4753000,VlaamsBrabant,Liège,1831,4100,VlaamsBrabant,Liège,1831,4100
270,271,0.00353000000000001,676012.831346806,652214.775234128,670195.299996059,651956.949563674,0.02193,0.0184,2020.17757295628,2020.18110295628,4753000,Bruxelles,Bruxelles,1130,1040,Bruxelles,Bruxelles,1130,1040
270,243,0.0000233278698625883,676012.831346806,652214.775234128,674090.091583299,646253.283229158,0.0184233278698626,0.0184,2020.17757295628,2020.17759628415,4753000,Bruxelles,Bruxelles,1130,1083,Bruxelles,Bruxelles,1130,1083
271,272,0.00772999999999999,670195.299996059,651956.949563674,675879.549111036,655804.507613818,0.02966,0.02193,2020.18110295628,2020.18883295628,4753000,Bruxelles,VlaamsBrabant,1040,1831,Bruxelles,VlaamsBrabant,1040,1831
271,244,0.0566023278698626,670195.299996059,651956.949563674,632502.175660496,634496.514080743,0.0785323278698626,0.02193,2020.18110295628,2020.23770528415,4753000,Bruxelles,Hainaut,1040,7110,Bruxelles,Hainaut,1040,7110
272,275,0.01091,675879.549111036,655804.507613818,674589.626972307,652079.656420862,0.04057,0.02966,2020.18883295628,2020.19974295628,4753000,VlaamsBrabant,Bruxelles,1831,1140,VlaamsBrabant,Bruxelles,1831,1140
272,273,0.01634,675879.549111036,655804.507613818,637178.859378042,735948.569962578,0.046,0.02966,2020.18883295628,2020.20517295628,4753000,VlaamsBrabant,Liège,1831,4130,VlaamsBrabant,Liège,1831,4130
273,245,0.00247732786986259,637178.859378042,735948.569962578,636729.101780446,741383.691882189,0.0484773278698626,0.046,2020.20517295628,2020.20765028415,4753000,Liège,Liège,4130,4140,Liège,Liège,4130,4140
273,274,0.0079,637178.859378042,735948.569962578,645324.20974361,738782.987768775,0.0539,0.046,2020.20517295628,2020.21307295628,4753000,Liège,Liège,4130,4032,Liège,Liège,4130,4032
274,246,0.0000423278698625934,645324.20974361,738782.987768775,646214.394562496,738584.119899513,0.0539423278698626,0.0539,2020.21307295628,2020.21311528415,4753000,Liège,Liège,4032,4032,Liège,Liège,4032,4032
274,247,0.0000423278698625934,645324.20974361,738782.987768775,624572.058607972,608610.177522419,0.0539423278698626,0.0539,2020.21307295628,2020.21311528415,4753000,Liège,Hainaut,4032,7300,Liège,Hainaut,4032,7300
275,279,0.0164,674589.626972307,652079.656420862,672936.688519319,648592.870775072,0.05697,0.04057,2020.19974295628,2020.21614295628,4753000,Bruxelles,Bruxelles,1140,1000,Bruxelles,Bruxelles,1140,1000
275,276,0.01909,674589.626972307,652079.656420862,646903.700989534,738016.58252839,0.05966,0.04057,2020.19974295628,2020.21883295628,4753000,Bruxelles,Liège,1140,4030,Bruxelles,Liège,1140,4030
276,277,0.00244,646903.700989534,738016.58252839,645373.287571424,735455.361287837,0.0621,0.05966,2020.21883295628,2020.22127295628,4753000,Liège,Liège,4030,4031,Liège,Liège,4030,4031
276,248,0.0024793278698626,646903.700989534,738016.58252839,652246.657914525,727210.553996886,0.0621393278698626,0.05966,2020.21883295628,2020.22131228415,4753000,Liège,Liège,4030,4340,Liège,Liège,4030,4340
277,278,0.00545999999999999,645373.287571424,735455.361287837,625972.500297533,609536.344398505,0.06756,0.0621,2020.22127295628,2020.22673295628,4753000,Liège,Hainaut,4031,7300,Liège,Hainaut,4031,7300
277,249,0.0000393278698625904,645373.287571424,735455.361287837,645270.614728,735350.046703848,0.0621393278698626,0.0621,2020.22127295628,2020.22131228415,4753000,Liège,Liège,4031,4000,Liège,Liège,4031,4000
278,250,0.0000433278698625944,625972.500297533,609536.344398505,628435.170160801,622065.977038471,0.0676033278698626,0.06756,2020.22673295628,2020.22677628415,4753000,Hainaut,Hainaut,7300,7000,Hainaut,Hainaut,7300,7000
278,251,0.0000433278698625944,625972.500297533,609536.344398505,626098.094044828,608465.363657807,0.0676033278698626,0.06756,2020.22673295628,2020.22677628415,4753000,Hainaut,Hainaut,7300,7300,Hainaut,Hainaut,7300,7300
279,280,0.01635,672936.688519319,648592.870775072,631914.080298736,644802.210000435,0.07332,0.05697,2020.21614295628,2020.23249295628,4753000,Bruxelles,Hainaut,1000,7160,Bruxelles,Hainaut,1000,7160
279,284,0.00858,672936.688519319,648592.870775072,674254.075969259,651062.873752188,0.06555,0.05697,2020.21614295628,2020.22472295628,4753000,Bruxelles,Bruxelles,1000,1030,Bruxelles,Bruxelles,1000,1030
280,281,0.00244,631914.080298736,644802.210000435,645373.287571424,735455.361287837,0.07576,0.07332,2020.23249295628,2020.23493295628,4753000,Hainaut,Liège,7160,4031,Hainaut,Liège,7160,4031
280,282,0.00545999999999999,631914.080298736,644802.210000435,625972.500297533,609536.344398505,0.07878,0.07332,2020.23249295628,2020.23795295628,4753000,Hainaut,Hainaut,7160,7300,Hainaut,Hainaut,7160,7300
281,252,0.0000403278698625914,645373.287571424,735455.361287837,618830.926421162,656326.000465578,0.0758003278698626,0.07576,2020.23493295628,2020.23497328415,4753000,Liège,Hainaut,4031,6001,Liège,Hainaut,4031,6001
281,253,0.0000403278698625914,645373.287571424,735455.361287837,633555.915783879,652111.216882986,0.0758003278698626,0.07576,2020.23493295628,2020.23497328415,4753000,Liège,Hainaut,4031,6238,Liège,Hainaut,4031,6238
282,256,0.00248432786986259,625972.500297533,609536.344398505,709028.714898039,583723.121456066,0.0812643278698626,0.07878,2020.23795295628,2020.24043728415,4753000,Hainaut,Oost-Vlaanderen,7300,9990,Hainaut,Oost-Vlaanderen,7300,9990
282,283,0.00244,625972.500297533,609536.344398505,645373.287571424,735455.361287837,0.08122,0.07878,2020.23795295628,2020.24039295628,4753000,Hainaut,Liège,7300,4031,Hainaut,Liège,7300,4031
283,254,0.0000443278698625954,645373.287571424,735455.361287837,627462.927836731,622915.775901243,0.0812643278698626,0.08122,2020.24039295628,2020.24043728415,4753000,Liège,Hainaut,4031,7000,Liège,Hainaut,4031,7000
283,255,0.0000443278698625954,645373.287571424,735455.361287837,619747.428772907,619357.568886858,0.0812643278698626,0.08122,2020.24039295628,2020.24043728415,4753000,Liège,Hainaut,4031,7040,Liège,Hainaut,4031,7040
284,285,0.00511,674254.075969259,651062.873752188,648759.071105268,735914.224245276,0.07066,0.06555,2020.22472295628,2020.22983295628,4753000,Bruxelles,Liège,1030,4020,Bruxelles,Liège,1030,4020
284,257,0.00478532786986259,674254.075969259,651062.873752188,678891.361255102,653467.393343286,0.0703353278698626,0.06555,2020.22472295628,2020.22950828415,4753000,Bruxelles,VlaamsBrabant,1030,1800,Bruxelles,VlaamsBrabant,1030,1800
285,286,0.0054,648759.071105268,735914.224245276,652578.663850096,737843.109119829,0.07606,0.07066,2020.22983295628,2020.23523295628,4753000,Liège,Liège,4020,4040,Liège,Liège,4020,4040
285,258,0.0133373278698626,648759.071105268,735914.224245276,642473.198096258,698912.020093437,0.0839973278698626,0.07066,2020.22983295628,2020.24317028415,4753000,Liège,Liège,4020,4210,Liège,Liège,4020,4210
286,287,0.0082,652578.663850096,737843.109119829,652176.016964355,733342.10604467,0.08426,0.07606,2020.23523295628,2020.24343295628,4753000,Liège,Liège,4040,4000,Liège,Liège,4040,4000
286,288,0.00244,652578.663850096,737843.109119829,645373.287571424,735455.361287837,0.0785,0.07606,2020.23523295628,2020.23767295628,4753000,Liège,Liège,4040,4031,Liège,Liège,4040,4031
287,260,0.00246932786986259,652176.016964355,733342.10604467,625604.756786948,743581.820262608,0.0867293278698626,0.08426,2020.24343295628,2020.24590228415,4753000,Liège,Liège,4000,4920,Liège,Liège,4000,4920
287,259,0.0106663278698626,652176.016964355,733342.10604467,648249.326280251,732759.815093932,0.0949263278698626,0.08426,2020.24343295628,2020.25409928415,4753000,Liège,Liège,4000,4000,Liège,Liège,4000,4000
288,261,0.0000323278698625973,645373.287571424,735455.361287837,636108.54020965,625206.160550939,0.0785323278698626,0.0785,2020.23767295628,2020.23770528415,4753000,Liège,Hainaut,4031,7061,Liège,Hainaut,4031,7061
288,289,0.0224,645373.287571424,735455.361287837,637356.645770274,616531.784129971,0.1009,0.0785,2020.23767295628,2020.26007295628,4753000,Liège,Hainaut,4031,7870,Liège,Hainaut,4031,7870
289,264,0.0158833278698626,637356.645770274,616531.784129971,654434.1791413,613350.324733853,0.116783327869863,0.1009,2020.26007295628,2020.27595628415,4753000,Hainaut,Hainaut,7870,7860,Hainaut,Hainaut,7870,7860
289,290,0.00766,637356.645770274,616531.784129971,643450.851353118,735913.155016873,0.10856,0.1009,2020.26007295628,2020.26773295628,4753000,Hainaut,Liège,7870,4031,Hainaut,Liège,7870,4031
290,262,0.0000273278698625923,643450.851353118,735913.155016873,639644.588025019,730805.072095901,0.108587327869863,0.10856,2020.26773295628,2020.26776028415,4753000,Liège,Liège,4031,4100,Liège,Liège,4031,4100
290,263,0.0000273278698625923,643450.851353118,735913.155016873,645867.745438738,733499.383157468,0.108587327869863,0.10856,2020.26773295628,2020.26776028415,4753000,Liège,Liège,4031,4000,Liège,Liège,4031,4000
295,291,0.002479,645764.179506411,736251.956001083,652246.657914525,727210.553996886,0.002479,0,2020.21883247541,2020.22131147541,4753000,Liège,Liège,4031,4340,Liège,Liège,4031,4340
295,296,0.00244,645764.179506411,736251.956001083,645190.800210917,735025.065695258,0.00244,0,2020.21883247541,2020.22127247541,4753000,Liège,Liège,4031,4000,Liège,Liège,4031,4000
296,292,0.0000394808701596073,645190.800210917,735025.065695258,645270.614728,735350.046703848,0.00247948087015961,0.00244,2020.22127247541,2020.22131195628,4753000,Liège,Liège,4000,4000,Liège,Liège,4000,4000
296,297,0.00546,645190.800210917,735025.065695258,626099.614967406,608531.157398986,0.0079,0.00244,2020.22127247541,2020.22673247541,4753000,Liège,Hainaut,4000,7300,Liège,Hainaut,4000,7300
297,293,0.0000434808701596061,626099.614967406,608531.157398986,628435.170160801,622065.977038471,0.00794348087015961,0.0079,2020.22673247541,2020.22677595628,4753000,Hainaut,Hainaut,7300,7000,Hainaut,Hainaut,7300,7000
297,294,0.0000434808701596061,626099.614967406,608531.157398986,626098.094044828,608465.363657807,0.00794348087015961,0.0079,2020.22673247541,2020.22677595628,4753000,Hainaut,Hainaut,7300,7300,Hainaut,Hainaut,7300,7300
303,304,0.00244,632781.740529745,652166.387740709,633520.673459369,652271.660672008,0.00244,0,2020.2324926776,2020.2349326776,4753000,Hainaut,Hainaut,6238,6238,Hainaut,Hainaut,6238,6238
303,305,0.00546,632781.740529745,652166.387740709,626803.1392409,623267.465830741,0.00546,0,2020.2324926776,2020.2379526776,4753000,Hainaut,Hainaut,6238,7000,Hainaut,Hainaut,6238,7000
304,298,0.0000400000000000001,633520.673459369,652271.660672008,618830.926421162,656326.000465578,0.00248,0.00244,2020.2349326776,2020.2349726776,4753000,Hainaut,Hainaut,6238,6001,Hainaut,Hainaut,6238,6001
304,299,0.0000404808701596048,633520.673459369,652271.660672008,633555.915783879,652111.216882986,0.0024804808701596,0.00244,2020.2349326776,2020.23497315847,4753000,Hainaut,Hainaut,6238,6238,Hainaut,Hainaut,6238,6238
305,302,0.0024844808701596,626803.1392409,623267.465830741,709028.714898039,583723.121456066,0.0079444808701596,0.00546,2020.2379526776,2020.24043715847,4753000,Hainaut,Oost-Vlaanderen,7000,9990,Hainaut,Oost-Vlaanderen,7000,9990
305,306,0.00244,626803.1392409,623267.465830741,633520.673459369,652271.660672008,0.0079,0.00546,2020.2379526776,2020.2403926776,4753000,Hainaut,Hainaut,7000,6238,Hainaut,Hainaut,7000,6238
306,300,0.0000444808701596053,633520.673459369,652271.660672008,627462.927836731,622915.775901243,0.0079444808701596,0.0079,2020.2403926776,2020.24043715847,4753000,Hainaut,Hainaut,6238,7000,Hainaut,Hainaut,6238,7000
306,301,0.0000444808701596053,633520.673459369,652271.660672008,619747.428772907,619357.568886858,0.0079444808701596,0.0079,2020.2403926776,2020.24043715847,4753000,Hainaut,Hainaut,6238,7040,Hainaut,Hainaut,6238,7040
310,307,0.047973,626813.55456754,650605.081392213,626855.982622847,650601.97034129,0.047973,0,2020.12962262842,2020.17759562842,4753000,Hainaut,Hainaut,6180,6180,Hainaut,Hainaut,6180,6180
310,311,0.02217,626813.55456754,650605.081392213,626845.480466641,650627.110672128,0.02217,0,2020.12962262842,2020.15179262842,4753000,Hainaut,Hainaut,6180,6180,Hainaut,Hainaut,6180,6180
311,308,0.014874,626845.480466641,650627.110672128,633963.066755335,702961.284576058,0.037044,0.02217,2020.15179262842,2020.16666662842,4753000,Hainaut,Liège,6180,4218,Hainaut,Liège,6180,4218
311,309,0.017606,626845.480466641,650627.110672128,674870.370933524,677994.989763731,0.039776,0.02217,2020.15179262842,2020.16939862842,4753000,Hainaut,VlaamsBrabant,6180,3010,Hainaut,VlaamsBrabant,6180,3010
315,312,0.064339,649297.307174487,737684.700739486,650085.180601866,738480.072375427,0.064339,0,2020.15697247541,2020.22131147541,23765000,Liège,Liège,4020,4000,Liège,Liège,4020,4000
315,316,0.04246,649297.307174487,737684.700739486,645506.760645725,734087.713570995,0.04246,0,2020.15697247541,2020.19943247541,23765000,Liège,Liège,4020,4000,Liège,Liège,4020,4000
316,313,0.0464691639300428,645506.760645725,734087.713570995,645384.920463992,733976.126428493,0.0889291639300428,0.04246,2020.19943247541,2020.24590163934,23765000,Liège,Liège,4000,4000,Liège,Liège,4000,4000
316,314,0.0000211639300427488,645506.760645725,734087.713570995,646083.149962156,782859.431557475,0.0424811639300427,0.04246,2020.19943247541,2020.19945363934,23765000,Liège,Liège,4000,4700,Liège,Liège,4000,4700
329,330,0.00520000000000001,644715.923715704,770950.264033423,657252.992812416,746980.194887027,0.00520000000000001,0,2020.17237262842,2020.17757262842,4753000,Liège,Liège,4700,4607,Liège,Liège,4700,4607
329,334,0.00488,644715.923715704,770950.264033423,644427.547244606,773919.152995231,0.00488,0,2020.17237262842,2020.17725262842,4753000,Liège,Liège,4700,4700,Liège,Liège,4700,4700
330,317,0.0000229999999999952,657252.992812416,746980.194887027,657257.753707669,746960.462294902,0.00522300000000001,0.00520000000000001,2020.17757262842,2020.17759562842,4753000,Liège,Liège,4607,4607,Liège,Liège,4607,4607
330,331,0.0013,657252.992812416,746980.194887027,630091.350864543,769612.206468118,0.00650000000000001,0.00520000000000001,2020.17757262842,2020.17887262842,4753000,Liège,Liège,4607,4960,Liège,Liège,4607,4960
331,332,0.080126,630091.350864543,769612.206468118,629477.059914137,756777.128074775,0.086626,0.00650000000000001,2020.17887262842,2020.25899862842,4753000,Liège,Liège,4960,4900,Liège,Liège,4960,4900
331,318,0.0806898688498722,630091.350864543,769612.206468118,631011.393570992,766477.155471894,0.0871898688498722,0.00650000000000001,2020.17887262842,2020.25956249727,4753000,Liège,Liège,4960,4970,Liège,Liège,4960,4970
332,333,0.000534000000000007,629477.059914137,756777.128074775,630665.971828794,753348.834955133,0.08716,0.086626,2020.25899862842,2020.25953262842,4753000,Liège,Liège,4900,4900,Liège,Liège,4900,4900
332,319,0.00602886884987217,629477.059914137,756777.128074775,629314.119689862,757330.333695071,0.0926548688498722,0.086626,2020.25899862842,2020.26502749727,4753000,Liège,Liège,4900,4900,Liège,Liège,4900,4900
333,321,0.0983908688498722,630665.971828794,753348.834955133,646791.610276589,754182.458649695,0.185550868849872,0.08716,2020.25953262842,2020.35792349727,4753000,Liège,Liège,4900,4800,Liège,Liège,4900,4800
333,320,0.0000298688498721611,630665.971828794,753348.834955133,630668.022674869,753323.044772269,0.0871898688498722,0.08716,2020.25953262842,2020.25956249727,4753000,Liège,Liège,4900,4900,Liège,Liège,4900,4900
334,322,0.0385938688498722,644427.547244606,773919.152995231,642023.418726258,778975.872373919,0.0434738688498722,0.00488,2020.17725262842,2020.21584649727,4753000,Liège,Liège,4700,4700,Liège,Liège,4700,4700
334,335,0.02248,644427.547244606,773919.152995231,644761.095117293,773360.924947419,0.02736,0.00488,2020.17725262842,2020.19973262842,4753000,Liège,Liège,4700,4700,Liège,Liège,4700,4700
335,323,0.0652948688498722,644761.095117293,773360.924947419,672485.43296706,648475.870968011,0.0926548688498722,0.02736,2020.19973262842,2020.26502749727,4753000,Liège,Bruxelles,4700,1080,Liège,Bruxelles,4700,1080
335,336,0.00242999999999999,644761.095117293,773360.924947419,644597.588549008,773852.691024263,0.02979,0.02736,2020.19973262842,2020.20216262842,4753000,Liège,Liège,4700,4700,Liège,Liège,4700,4700
336,324,0.0000228688498721819,644597.588549008,773852.691024263,621017.35149929,766723.631321323,0.0298128688498722,0.02979,2020.20216262842,2020.20218549727,4753000,Liège,Liège,4700,4960,Liège,Liège,4700,4960
336,337,0.00850000000000001,644597.588549008,773852.691024263,645019.381619179,772803.508365706,0.03829,0.02979,2020.20216262842,2020.21066262842,4753000,Liège,Liège,4700,4700,Liège,Liège,4700,4700
337,325,0.0133808688498722,645019.381619179,772803.508365706,643450.323824673,774267.477265988,0.0516708688498722,0.03829,2020.21066262842,2020.22404349727,4753000,Liège,Liège,4700,4700,Liège,Liège,4700,4700
337,338,0.01092,645019.381619179,772803.508365706,644521.434195944,774763.940192039,0.04921,0.03829,2020.21066262842,2020.22158262842,4753000,Liège,Liège,4700,4700,Liège,Liège,4700,4700
338,328,0.00792486884987215,644521.434195944,774763.940192039,639337.966334947,706621.867584774,0.0571348688498722,0.04921,2020.22158262842,2020.22950749727,4753000,Liège,Liège,4700,4520,Liège,Liège,4700,4520
338,339,0.00244,644521.434195944,774763.940192039,644766.166881011,776176.298454566,0.05165,0.04921,2020.22158262842,2020.22402262842,4753000,Liège,Liège,4700,4700,Liège,Liège,4700,4700
339,326,0.0000208688498721521,644766.166881011,776176.298454566,644715.54359282,776101.129164684,0.0516708688498722,0.05165,2020.22402262842,2020.22404349727,4753000,Liège,Liège,4700,4700,Liège,Liège,4700,4700
339,327,0.0000208688498721521,644766.166881011,776176.298454566,644104.249594879,779601.092545617,0.0516708688498722,0.05165,2020.22402262842,2020.22404349727,4753000,Liège,Liège,4700,4700,Liège,Liège,4700,4700
343,340,0.021973,645826.745978092,761373.892842654,645486.227220323,760993.937910301,0.021973,0,2020.20480295628,2020.22677595628,4753000,Liège,Liège,4830,4830,Liège,Liège,4830,4830
343,344,0.04109,645826.745978092,761373.892842654,648742.539930219,732787.464707848,0.04109,0,2020.20480295628,2020.24589295628,4753000,Liège,Liège,4830,4000,Liège,Liège,4830,4000
344,341,0.0136698852498341,648742.539930219,732787.464707848,656667.605448212,752772.558341228,0.0547598852498341,0.04109,2020.24589295628,2020.25956284153,4753000,Liège,Liège,4000,4880,Liège,Liège,4000,4880
344,342,0.00000888524983408412,648742.539930219,732787.464707848,648745.20589299,732790.681179748,0.0410988852498341,0.04109,2020.24589295628,2020.24590184153,4753000,Liège,Liège,4000,4000,Liège,Liège,4000,4000
350,345,0.000410999999999995,645129.489066258,734154.620496036,645109.04534342,734135.878454173,0.000410999999999995,0,2020.20723927322,2020.20765027322,4753000,Liège,Liège,4000,4000,Liège,Liège,4000,4000
350,351,0.000393000000000004,645129.489066258,734154.620496036,645035.667855091,734092.440655335,0.000393000000000004,0,2020.20723927322,2020.20763227322,4753000,Liège,Liège,4000,4000,Liège,Liège,4000,4000
351,346,0.0573957431699605,645035.667855091,734092.440655335,642316.70491857,727010.084487261,0.0577887431699605,0.000393000000000004,2020.20763227322,2020.26502801639,4753000,Liège,Liège,4000,4400,Liège,Liège,4000,4400
351,352,0.03825,645035.667855091,734092.440655335,645234.91594212,734490.48872505,0.038643,0.000393000000000004,2020.20763227322,2020.24588227322,4753000,Liège,Liège,4000,4000,Liège,Liège,4000,4000
352,347,0.0000197431699605205,645234.91594212,734490.48872505,652737.33884595,740635.473382521,0.0386627431699605,0.038643,2020.24588227322,2020.24590201639,4753000,Liège,Liège,4000,4020,Liège,Liège,4000,4020
352,353,0.04918,645234.91594212,734490.48872505,646708.003306915,735990.557350596,0.087823,0.038643,2020.24588227322,2020.29506227322,4753000,Liège,Liège,4000,4020,Liège,Liège,4000,4020
353,348,0.0000197431699605205,646708.003306915,735990.557350596,646736.589716631,736018.969273173,0.0878427431699605,0.087823,2020.29506227322,2020.29508201639,4753000,Liège,Liège,4020,4020,Liège,Liège,4020,4020
353,349,0.0573967431699605,646708.003306915,735990.557350596,650959.670259153,739485.205903959,0.145219743169961,0.087823,2020.29506227322,2020.35245901639,4753000,Liège,Liège,4020,4000,Liège,Liège,4020,4000
358,354,0.006983,643704.777173619,715500.244147156,659864.039982893,764971.927018376,0.006983,0,2020.21979295628,2020.22677595628,4753000,Liège,Liège,4537,4851,Liège,Liège,4537,4851
358,359,0.022954,643704.777173619,715500.244147156,643940.364098665,715718.138705949,0.022954,0,2020.21979295628,2020.24274695628,4753000,Liège,Liège,4537,4537,Liège,Liège,4537,4537
359,355,0.000422442629805578,643940.364098665,715718.138705949,643948.051226703,715744.717991809,0.0233764426298056,0.022954,2020.24274695628,2020.24316939891,4753000,Liège,Liège,4537,4537,Liège,Liège,4537,4537
359,360,0.000406,643940.364098665,715718.138705949,656392.968814289,730877.040447297,0.02336,0.022954,2020.24274695628,2020.24315295628,4753000,Liège,Liège,4537,4432,Liège,Liège,4537,4432
360,356,0.0000164426298055777,656392.968814289,730877.040447297,620075.939188472,788286.597419253,0.0233764426298056,0.02336,2020.24315295628,2020.24316939891,4753000,Liège,Liège,4432,4760,Liège,Liège,4432,4760
360,357,0.0000164426298055777,656392.968814289,730877.040447297,656495.13734795,730997.282931074,0.0233764426298056,0.02336,2020.24315295628,2020.24316939891,4753000,Liège,Liège,4432,4432,Liège,Liège,4432,4432
383,361,0.084772,638087.266031402,733212.315544572,635996.306764513,733681.669609044,0.084772,0,2020.17752308197,2020.26229508197,4753000,Liège,Liège,4122,4130,Liège,Liège,4122,4130
383,384,0.000109999999999999,638087.266031402,733212.315544572,638253.198188428,733223.13566046,0.000109999999999999,0,2020.17752308197,2020.17763308197,4753000,Liège,Liège,4122,4122,Liège,Liège,4122,4122
384,385,0.00162000000000001,638253.198188428,733223.13566046,638457.313639718,733055.783897624,0.00173000000000001,0.000109999999999999,2020.17763308197,2020.17925308197,4753000,Liège,Liège,4122,4122,Liège,Liège,4122,4122
384,362,0.0846621748600159,638253.198188428,733223.13566046,648107.425751257,739070.346485392,0.0847721748600159,0.000109999999999999,2020.17763308197,2020.26229525683,4753000,Liège,Liège,4122,4020,Liège,Liège,4122,4020
385,386,0.000269999999999992,638457.313639718,733055.783897624,638526.008307964,733004.742768411,0.002,0.00173000000000001,2020.17925308197,2020.17952308197,4753000,Liège,Liège,4122,4122,Liège,Liège,4122,4122
385,363,0.0420591748600159,638457.313639718,733055.783897624,626336.189480608,733713.338293188,0.0437891748600159,0.00173000000000001,2020.17925308197,2020.22131225683,4753000,Liège,Liège,4122,4180,Liège,Liège,4122,4180
386,387,0.01523,638526.008307964,733004.742768411,643554.230870385,733625.24237207,0.01723,0.002,2020.17952308197,2020.19475308197,4753000,Liège,Liège,4122,4102,Liège,Liège,4122,4102
386,364,0.0855051748600159,638526.008307964,733004.742768411,639568.482734367,733299.650128438,0.0875051748600159,0.002,2020.17952308197,2020.26502825683,4753000,Liège,Liège,4122,4100,Liège,Liège,4122,4100
387,388,0.00702999999999998,643554.230870385,733625.24237207,645277.946706498,733873.37697798,0.02426,0.01723,2020.19475308197,2020.20178308197,4753000,Liège,Liège,4102,4000,Liège,Liège,4102,4000
387,397,0.00231999999999999,643554.230870385,733625.24237207,643967.342978831,733784.17949015,0.01955,0.01723,2020.19475308197,2020.19707308197,4753000,Liège,Liège,4102,4102,Liège,Liège,4102,4102
388,390,0.044082,645277.946706498,733873.37697798,652643.506534169,736335.987457434,0.068342,0.02426,2020.20178308197,2020.24586508197,4753000,Liège,Liège,4000,4041,Liège,Liège,4000,4041
388,389,0.00574000000000002,645277.946706498,733873.37697798,645404.277592782,734006.323133568,0.03,0.02426,2020.20178308197,2020.20752308197,4753000,Liège,Liège,4000,4000,Liège,Liège,4000,4000
389,365,0.0356471748600159,645404.277592782,734006.323133568,650542.658832768,730842.107351146,0.0656471748600159,0.03,2020.20752308197,2020.24317025683,4753000,Liège,Liège,4000,4430,Liège,Liège,4000,4430
389,366,0.00559217486001587,645404.277592782,734006.323133568,645128.848133672,734139.772461749,0.0355921748600159,0.03,2020.20752308197,2020.21311525683,4753000,Liège,Liège,4000,4000,Liège,Liège,4000,4000
390,392,0.031278,652643.506534169,736335.987457434,651400.735216702,738288.326485817,0.09962,0.068342,2020.24586508197,2020.27714308197,4753000,Liège,Liège,4041,4040,Liège,Liège,4041,4040
390,391,0.00000799999999999412,652643.506534169,736335.987457434,652564.669001984,736262.591823094,0.06835,0.068342,2020.24586508197,2020.24587308197,4753000,Liège,Liège,4041,4041,Liège,Liège,4041,4041
391,367,0.0000291748600158709,652564.669001984,736262.591823094,646350.509798955,707171.270538886,0.0683791748600159,0.06835,2020.24587308197,2020.24590225683,4753000,Liège,Liège,4041,4261,Liège,Liège,4041,4261
391,368,0.0492091748600159,652564.669001984,736262.591823094,654472.072575386,737939.575800469,0.117559174860016,0.06835,2020.24587308197,2020.29508225683,4753000,Liège,Liège,4041,4040,Liège,Liège,4041,4040
392,369,0.0179391748600159,651400.735216702,738288.326485817,648559.870579196,737524.024168761,0.117559174860016,0.09962,2020.27714308197,2020.29508225683,4753000,Liège,Liège,4040,4020,Liège,Liège,4040,4020
392,393,0.01791,651400.735216702,738288.326485817,653924.363593734,738920.853970576,0.11753,0.09962,2020.27714308197,2020.29505308197,4753000,Liège,Liège,4040,4040,Liège,Liège,4040,4040
393,394,0.017,653924.363593734,738920.853970576,653924.363593734,738920.853970576,0.13453,0.11753,2020.29505308197,2020.31205308197,4753000,Liège,Liège,4040,4040,Liège,Liège,4040,4040
393,370,0.0000291748600158709,653924.363593734,738920.853970576,653112.056497733,739287.075242271,0.117559174860016,0.11753,2020.29505308197,2020.29508225683,4753000,Liège,Liège,4040,4040,Liège,Liège,4040,4040
394,395,0.000980000000000009,653924.363593734,738920.853970576,653978.193842971,739114.282792549,0.13551,0.13453,2020.31205308197,2020.31303308197,4753000,Liège,Liège,4040,4040,Liège,Liège,4040,4040
394,371,0.0431381748600159,653924.363593734,738920.853970576,655327.756705589,738679.57333199,0.177668174860016,0.13453,2020.31205308197,2020.35519125683,4753000,Liège,Liège,4040,4680,Liège,Liège,4040,4680
395,396,0.000170000000000003,653978.193842971,739114.282792549,654079.495785627,738947.235327161,0.13568,0.13551,2020.31303308197,2020.31320308197,4753000,Liège,Liège,4040,4040,Liège,Liège,4040,4040
395,372,0.0421581748600159,653978.193842971,739114.282792549,636005.093094996,716738.982131019,0.177668174860016,0.13551,2020.31303308197,2020.35519125683,4753000,Liège,Liège,4040,4540,Liège,Liège,4040,4540
396,374,0.0419881748600159,654079.495785627,738947.235327161,652585.340738824,738018.596116157,0.177668174860016,0.13568,2020.31320308197,2020.35519125683,4753000,Liège,Liège,4040,4040,Liège,Liège,4040,4040
396,373,0.0365241748600159,654079.495785627,738947.235327161,656524.273563619,739289.258221061,0.172204174860016,0.13568,2020.31320308197,2020.34972725683,4753000,Liège,Liège,4040,4680,Liège,Liège,4040,4680
397,375,0.00238117486001588,643967.342978831,733784.17949015,643580.492823519,733742.327779135,0.0219311748600159,0.01955,2020.19707308197,2020.19945425683,4753000,Liège,Liège,4102,4102,Liège,Liège,4102,4102
397,398,0.00235000000000002,643967.342978831,733784.17949015,648046.789206811,733823.473996222,0.0219,0.01955,2020.19707308197,2020.19942308197,4753000,Liège,Liège,4102,4000,Liège,Liège,4102,4000
398,376,0.000031174860015859,648046.789206811,733823.473996222,648102.63927375,733806.547494919,0.0219311748600159,0.0219,2020.19942308197,2020.19945425683,4753000,Liège,Liège,4000,4000,Liège,Liège,4000,4000
398,399,0.01942,648046.789206811,733823.473996222,647827.594026022,733748.948805652,0.04132,0.0219,2020.19942308197,2020.21884308197,4753000,Liège,Liège,4000,4000,Liège,Liège,4000,4000
399,400,0.00244,647827.594026022,733748.948805652,644386.928770193,733917.231451939,0.04376,0.04132,2020.21884308197,2020.22128308197,4753000,Liège,Liège,4000,4102,Liège,Liège,4000,4102
399,401,0.02185,647827.594026022,733748.948805652,650914.962836318,733117.722336474,0.06317,0.04132,2020.21884308197,2020.24069308197,4753000,Liège,Liège,4000,4000,Liège,Liège,4000,4000
400,377,0.000029174860015857,644386.928770193,733917.231451939,644353.340233885,733904.26002,0.0437891748600159,0.04376,2020.22128308197,2020.22131225683,4753000,Liège,Liège,4102,4102,Liège,Liège,4102,4102
400,378,0.000029174860015857,644386.928770193,733917.231451939,650047.564118298,739448.974321606,0.0437891748600159,0.04376,2020.22128308197,2020.22131225683,4753000,Liège,Liège,4102,4020,Liège,Liège,4102,4020
401,402,0.02186,650914.962836318,733117.722336474,650754.828229024,733139.272104422,0.08503,0.06317,2020.24069308197,2020.26255308197,4753000,Liège,Liège,4000,4000,Liège,Liège,4000,4000
401,379,0.00247717486001588,650914.962836318,733117.722336474,652868.518496332,717843.65718892,0.0656471748600159,0.06317,2020.24069308197,2020.24317025683,4753000,Liège,Liège,4000,4350,Liège,Liège,4000,4350
402,382,0.00247517486001587,650754.828229024,733139.272104422,594045.934422865,687636.437277734,0.0875051748600159,0.08503,2020.26255308197,2020.26502825683,4753000,Liège,Namur,4000,5570,Liège,Namur,4000,5570
402,403,0.00244,650754.828229024,733139.272104422,644386.928770193,733917.231451939,0.08747,0.08503,2020.26255308197,2020.26499308197,4753000,Liège,Liège,4000,4102,Liège,Liège,4000,4102
403,380,0.000035174860015863,644386.928770193,733917.231451939,653530.692990178,740018.944884928,0.0875051748600159,0.08747,2020.26499308197,2020.26502825683,4753000,Liège,Liège,4102,4040,Liège,Liège,4102,4040
403,381,0.000035174860015863,644386.928770193,733917.231451939,650539.004758384,732684.022187045,0.0875051748600159,0.08747,2020.26499308197,2020.26502825683,4753000,Liège,Liège,4102,4430,Liège,Liège,4102,4430
409,410,0.0000430000000000014,641504.705013291,723571.431880898,641500.911300128,723601.34981632,0.0000430000000000014,0,2020.1829093224,2020.1829523224,4753000,Liège,Liège,4480,4480,Liège,Liège,4480,4480
409,411,0.060243,641504.705013291,723571.431880898,646865.798627119,725633.544275029,0.060243,0,2020.1829093224,2020.2431523224,4753000,Liège,Liège,4480,4460,Liège,Liège,4480,4460
410,404,0.082075,641500.911300128,723601.34981632,642111.74585585,724436.455449499,0.082118,0.0000430000000000014,2020.1829523224,2020.2650273224,4753000,Liège,Liège,4480,4400,Liège,Liège,4480,4400
410,405,0.07661,641500.911300128,723601.34981632,643912.135599101,753399.563675994,0.076653,0.0000430000000000014,2020.1829523224,2020.2595623224,4753000,Liège,Liège,4480,4800,Liège,Liège,4480,4800
411,406,0.0000170000000000031,646865.798627119,725633.544275029,614345.755466045,769843.499844412,0.06026,0.060243,2020.2431523224,2020.2431693224,4753000,Liège,Liège,4460,4780,Liège,Liège,4460,4780
411,412,0.00273,646865.798627119,725633.544275029,646784.572358265,727484.747334996,0.062973,0.060243,2020.2431523224,2020.2458823224,4753000,Liège,Liège,4460,4400,Liège,Liège,4460,4400
412,407,0.016412,646784.572358265,727484.747334996,646666.074549348,739514.571832072,0.079385,0.062973,2020.2458823224,2020.2622943224,4753000,Liège,Liège,4400,4030,Liège,Liège,4400,4030
412,408,0.0000190000000000051,646784.572358265,727484.747334996,646817.254383617,727507.461826635,0.062992,0.062973,2020.2458823224,2020.2459013224,4753000,Liège,Liège,4400,4400,Liège,Liège,4400,4400
428,429,0.000564000000000009,688765.840538581,676893.179777488,688983.629290394,676655.503185855,0.000564000000000009,0,2020.10513839891,2020.10570239891,4753000,VlaamsBrabant,VlaamsBrabant,3128,3128,VlaamsBrabant,VlaamsBrabant,3128,3128
428,433,0.000564000000000009,688765.840538581,676893.179777488,688983.629290394,676655.503185855,0.000564000000000009,0,2020.10513839891,2020.10570239891,4753000,VlaamsBrabant,VlaamsBrabant,3128,3128,VlaamsBrabant,VlaamsBrabant,3128,3128
429,413,0.137467,688983.629290394,676655.503185855,701542.407245275,597812.431344649,0.138031,0.000564000000000009,2020.10570239891,2020.24316939891,4753000,VlaamsBrabant,Oost-Vlaanderen,3128,9920,VlaamsBrabant,Oost-Vlaanderen,3128,9920
429,430,0.036071,688983.629290394,676655.503185855,676670.65691018,671731.977624702,0.036635,0.000564000000000009,2020.10570239891,2020.14177339891,4753000,VlaamsBrabant,VlaamsBrabant,3128,3020,VlaamsBrabant,VlaamsBrabant,3128,3020
430,414,0.063144,676670.65691018,671731.977624702,663465.478735325,664238.738935144,0.099779,0.036635,2020.14177339891,2020.20491739891,4753000,VlaamsBrabant,VlaamsBrabant,3020,3090,VlaamsBrabant,VlaamsBrabant,3020,3090
430,431,0.0000290000000000012,676670.65691018,671731.977624702,676433.885905572,671912.97640788,0.036664,0.036635,2020.14177339891,2020.14180239891,4753000,VlaamsBrabant,VlaamsBrabant,3020,3020,VlaamsBrabant,VlaamsBrabant,3020,3020
431,415,0.035793,676433.885905572,671912.97640788,659674.240398067,595733.136710995,0.072457,0.036664,2020.14180239891,2020.17759539891,4753000,VlaamsBrabant,Oost-Vlaanderen,3020,9600,VlaamsBrabant,Oost-Vlaanderen,3020,9600
431,432,0.03577,676433.885905572,671912.97640788,677721.799944205,670281.643199928,0.072434,0.036664,2020.14180239891,2020.17757239891,4753000,VlaamsBrabant,VlaamsBrabant,3020,3020,VlaamsBrabant,VlaamsBrabant,3020,3020
432,416,0.00822000000000001,677721.799944205,670281.643199928,711251.401440588,733775.231448384,0.080654,0.072434,2020.17757239891,2020.18579239891,4753000,VlaamsBrabant,Limburg,3020,3950,VlaamsBrabant,Limburg,3020,3950
432,417,0.0000229999999999952,677721.799944205,670281.643199928,677958.664060374,670797.48289223,0.072457,0.072434,2020.17757239891,2020.17759539891,4753000,VlaamsBrabant,VlaamsBrabant,3020,3020,VlaamsBrabant,VlaamsBrabant,3020,3020
433,418,0.069161,688983.629290394,676655.503185855,613578.769265285,633249.453514938,0.069725,0.000564000000000009,2020.10570239891,2020.17486339891,4753000,VlaamsBrabant,Hainaut,3128,7120,VlaamsBrabant,Hainaut,3128,7120
433,434,0.04898,688983.629290394,676655.503185855,679170.619739025,678691.55735366,0.049544,0.000564000000000009,2020.10570239891,2020.15468239891,4753000,VlaamsBrabant,VlaamsBrabant,3128,3220,VlaamsBrabant,VlaamsBrabant,3128,3220
434,419,0.085754,679170.619739025,678691.55735366,709152.144213282,738872.472328567,0.135298,0.049544,2020.15468239891,2020.24043639891,4753000,VlaamsBrabant,Limburg,3220,3950,VlaamsBrabant,Limburg,3220,3950
434,435,0.00244,679170.619739025,678691.55735366,678669.086227235,678421.177916662,0.051984,0.049544,2020.15468239891,2020.15712239891,4753000,VlaamsBrabant,VlaamsBrabant,3220,3220,VlaamsBrabant,VlaamsBrabant,3220,3220
435,420,0.006812,678669.086227235,678421.177916662,672237.429704783,648851.615239692,0.058796,0.051984,2020.15712239891,2020.16393439891,4753000,VlaamsBrabant,Bruxelles,3220,1000,VlaamsBrabant,Bruxelles,3220,1000
435,436,0.00236,678669.086227235,678421.177916662,677718.997724709,676061.385050831,0.054344,0.051984,2020.15712239891,2020.15948239891,4753000,VlaamsBrabant,VlaamsBrabant,3220,3220,VlaamsBrabant,VlaamsBrabant,3220,3220
436,437,0.00237,677718.997724709,676061.385050831,679169.81068119,679172.882406398,0.056714,0.054344,2020.15948239891,2020.16185239891,4753000,VlaamsBrabant,VlaamsBrabant,3220,3220,VlaamsBrabant,VlaamsBrabant,3220,3220
436,421,0.015381,677718.997724709,676061.385050831,707097.313829951,738469.238111211,0.069725,0.054344,2020.15948239891,2020.17486339891,4753000,VlaamsBrabant,Limburg,3220,3960,VlaamsBrabant,Limburg,3220,3960
437,422,0.004814,679169.81068119,679172.882406398,674049.148912174,675590.685646309,0.061528,0.056714,2020.16185239891,2020.16666639891,4753000,VlaamsBrabant,VlaamsBrabant,3220,3010,VlaamsBrabant,VlaamsBrabant,3220,3010
437,438,0.00243,679169.81068119,679172.882406398,678433.019895292,677386.189054168,0.059144,0.056714,2020.16185239891,2020.16428239891,4753000,VlaamsBrabant,VlaamsBrabant,3220,3220,VlaamsBrabant,VlaamsBrabant,3220,3220
438,423,0.010581,678433.019895292,677386.189054168,715198.573183926,728524.152329409,0.069725,0.059144,2020.16428239891,2020.17486339891,4753000,VlaamsBrabant,Limburg,3220,3910,VlaamsBrabant,Limburg,3220,3910
438,439,0.00236,678433.019895292,677386.189054168,677718.997724709,676061.385050831,0.061504,0.059144,2020.16428239891,2020.16664239891,4753000,VlaamsBrabant,VlaamsBrabant,3220,3220,VlaamsBrabant,VlaamsBrabant,3220,3220
439,424,0.0000239999999999962,677718.997724709,676061.385050831,677340.444318793,675770.144787631,0.061528,0.061504,2020.16664239891,2020.16666639891,4753000,VlaamsBrabant,VlaamsBrabant,3220,3010,VlaamsBrabant,VlaamsBrabant,3220,3010
439,440,0.0223,677718.997724709,676061.385050831,683584.439112485,691030.155366993,0.083804,0.061504,2020.16664239891,2020.18894239891,4753000,VlaamsBrabant,VlaamsBrabant,3220,3460,VlaamsBrabant,VlaamsBrabant,3220,3460
440,441,0.04601,683584.439112485,691030.155366993,673481.04429069,735083.431831105,0.129814,0.083804,2020.18894239891,2020.23495239891,4753000,VlaamsBrabant,Limburg,3460,3740,VlaamsBrabant,Limburg,3460,3740
440,425,0.048762,683584.439112485,691030.155366993,685405.742414438,697273.410598799,0.132566,0.083804,2020.18894239891,2020.23770439891,4753000,VlaamsBrabant,VlaamsBrabant,3460,3293,VlaamsBrabant,VlaamsBrabant,3460,3293
441,426,0.002752,673481.04429069,735083.431831105,702881.261773179,742267.862502894,0.132566,0.129814,2020.23495239891,2020.23770439891,4753000,Limburg,Limburg,3740,3680,Limburg,Limburg,3740,3680
441,427,0.0000199999999999922,673481.04429069,735083.431831105,672859.833220401,736156.794017164,0.129834,0.129814,2020.23495239891,2020.23497239891,4753000,Limburg,Limburg,3740,3740,Limburg,Limburg,3740,3740
445,442,0.042244,723029.721287416,680441.959045265,710135.605498291,666833.798610213,0.042244,0,2020.19819315847,2020.24043715847,4753000,Antwerpen,Antwerpen,2340,2520,Antwerpen,Antwerpen,2340,2520
445,446,0.000890000000000002,723029.721287416,680441.959045265,723419.042532509,680882.660083055,0.000890000000000002,0,2020.19819315847,2020.19908315847,4753000,Antwerpen,Antwerpen,2340,2340,Antwerpen,Antwerpen,2340,2340
446,443,0.0413532404398546,723419.042532509,680882.660083055,697996.749488315,715084.408491684,0.0422432404398546,0.000890000000000002,2020.19908315847,2020.24043639891,4753000,Antwerpen,Limburg,2340,3582,Antwerpen,Limburg,2340,3582
446,444,0.0440862404398546,723419.042532509,680882.660083055,724517.22857162,682071.179680302,0.0449762404398546,0.000890000000000002,2020.19908315847,2020.24316939891,4753000,Antwerpen,Antwerpen,2340,2340,Antwerpen,Antwerpen,2340,2340
454,447,0.042397,693455.755109993,600725.837328067,696456.198080405,698639.750252063,0.042397,0,2020.20077239891,2020.24316939891,23765000,Oost-Vlaanderen,Limburg,9031,3980,Oost-Vlaanderen,Limburg,9031,3980
454,455,0.000329999999999997,693455.755109993,600725.837328067,693476.388359994,600584.124581338,0.000329999999999997,0,2020.20077239891,2020.20110239891,23765000,Oost-Vlaanderen,Oost-Vlaanderen,9031,9031,Oost-Vlaanderen,Oost-Vlaanderen,9031,9031
455,448,0.042067,693476.388359994,600584.124581338,683662.146904377,683947.419240605,0.042397,0.000329999999999997,2020.20110239891,2020.24316939891,23765000,Oost-Vlaanderen,VlaamsBrabant,9031,3200,Oost-Vlaanderen,VlaamsBrabant,9031,3200
455,456,0.02322,693476.388359994,600584.124581338,693008.782147821,601174.626281591,0.02355,0.000329999999999997,2020.20110239891,2020.22432239891,23765000,Oost-Vlaanderen,Oost-Vlaanderen,9031,9031,Oost-Vlaanderen,Oost-Vlaanderen,9031,9031
456,449,0.018847,693008.782147821,601174.626281591,691487.668209221,607994.91165642,0.042397,0.02355,2020.22432239891,2020.24316939891,23765000,Oost-Vlaanderen,Oost-Vlaanderen,9031,9050,Oost-Vlaanderen,Oost-Vlaanderen,9031,9050
456,457,0.00243,693008.782147821,601174.626281591,692776.611815402,601943.224836309,0.02598,0.02355,2020.22432239891,2020.22675239891,23765000,Oost-Vlaanderen,Oost-Vlaanderen,9031,9000,Oost-Vlaanderen,Oost-Vlaanderen,9031,9000
457,458,0.00849,692776.611815402,601943.224836309,692772.994063284,602713.213863823,0.03447,0.02598,2020.22675239891,2020.23524239891,23765000,Oost-Vlaanderen,Oost-Vlaanderen,9000,9000,Oost-Vlaanderen,Oost-Vlaanderen,9000,9000
457,450,0.0000229999999999918,692776.611815402,601943.224836309,692663.985368161,602073.133064177,0.026003,0.02598,2020.22675239891,2020.22677539891,23765000,Oost-Vlaanderen,Oost-Vlaanderen,9000,9000,Oost-Vlaanderen,Oost-Vlaanderen,9000,9000
458,453,0.007927,692772.994063284,602713.213863823,652820.332059001,625092.478132132,0.042397,0.03447,2020.23524239891,2020.24316939891,23765000,Oost-Vlaanderen,Hainaut,9000,7850,Oost-Vlaanderen,Hainaut,9000,7850
458,459,0.00244,692772.994063284,602713.213863823,692785.445783989,603012.365470242,0.03691,0.03447,2020.23524239891,2020.23768239891,23765000,Oost-Vlaanderen,Oost-Vlaanderen,9000,9000,Oost-Vlaanderen,Oost-Vlaanderen,9000,9000
459,451,0.0000219999999999942,692785.445783989,603012.365470242,677282.685004142,656310.62904865,0.036932,0.03691,2020.23768239891,2020.23770439891,23765000,Oost-Vlaanderen,VlaamsBrabant,9000,1830,Oost-Vlaanderen,VlaamsBrabant,9000,1830
459,452,0.00275399999999999,692785.445783989,603012.365470242,692031.687484799,613387.90512186,0.039664,0.03691,2020.23768239891,2020.24043639891,23765000,Oost-Vlaanderen,Oost-Vlaanderen,9000,9270,Oost-Vlaanderen,Oost-Vlaanderen,9000,9270
475,460,0.06317,677594.097656331,685603.171934269,692945.255612476,706836.77271561,0.06317,0,2020.16360595628,2020.22677595628,4753000,VlaamsBrabant,Limburg,3390,3583,VlaamsBrabant,Limburg,3390,3583
475,476,0.000348999999999988,677594.097656331,685603.171934269,677843.477746871,684450.344256382,0.000348999999999988,0,2020.16360595628,2020.16395495628,4753000,VlaamsBrabant,VlaamsBrabant,3390,3390,VlaamsBrabant,VlaamsBrabant,3390,3390
476,479,0.023478,677843.477746871,684450.344256382,678290.344594761,683649.717259419,0.023827,0.000348999999999988,2020.16395495628,2020.18743295628,4753000,VlaamsBrabant,VlaamsBrabant,3390,3390,VlaamsBrabant,VlaamsBrabant,3390,3390
476,477,0.0000280000000000002,677843.477746871,684450.344256382,677465.256798403,684914.26147426,0.000376999999999988,0.000348999999999988,2020.16395495628,2020.16398295628,4753000,VlaamsBrabant,VlaamsBrabant,3390,3390,VlaamsBrabant,VlaamsBrabant,3390,3390
477,461,0.0791865792399178,677465.256798403,684914.26147426,664873.429676401,687757.756780568,0.0795635792399177,0.000376999999999988,2020.16398295628,2020.24316953552,4753000,VlaamsBrabant,VlaamsBrabant,3390,3300,VlaamsBrabant,VlaamsBrabant,3390,3300
477,478,0.11623,677465.256798403,684914.26147426,656165.664957473,646929.481893469,0.116607,0.000376999999999988,2020.16398295628,2020.28021295628,4753000,VlaamsBrabant,VlaamsBrabant,3390,1420,VlaamsBrabant,VlaamsBrabant,3390,1420
478,462,0.0640495792399178,656165.664957473,646929.481893469,643570.981969667,620044.647210882,0.180656579239918,0.116607,2020.28021295628,2020.34426253552,4753000,VlaamsBrabant,Hainaut,1420,7870,VlaamsBrabant,Hainaut,1420,7870
478,463,0.0667815792399177,656165.664957473,646929.481893469,713622.320494308,676737.924068127,0.183388579239918,0.116607,2020.28021295628,2020.34699453552,4753000,VlaamsBrabant,Antwerpen,1420,2290,VlaamsBrabant,Antwerpen,1420,2290
479,464,0.0420745792399178,678290.344594761,683649.717259419,665395.434728807,666531.370769698,0.0659015792399178,0.023827,2020.18743295628,2020.22950753552,4753000,VlaamsBrabant,VlaamsBrabant,3390,3040,VlaamsBrabant,VlaamsBrabant,3390,3040
479,480,0.00343000000000002,678290.344594761,683649.717259419,677667.187253008,682829.260501313,0.027257,0.023827,2020.18743295628,2020.19086295628,4753000,VlaamsBrabant,VlaamsBrabant,3390,3210,VlaamsBrabant,VlaamsBrabant,3390,3210
480,483,0.01403,677667.187253008,682829.260501313,682843.602944146,692470.23000308,0.041287,0.027257,2020.19086295628,2020.20489295628,4753000,VlaamsBrabant,VlaamsBrabant,3210,3460,VlaamsBrabant,VlaamsBrabant,3210,3460
480,481,0.043558,677667.187253008,682829.260501313,655628.889951402,767502.90145077,0.070815,0.027257,2020.19086295628,2020.23442095628,4753000,VlaamsBrabant,Liège,3210,4711,VlaamsBrabant,Liège,3210,4711
481,465,0.0306065792399177,655628.889951402,767502.90145077,638529.118285391,734954.947753286,0.101421579239918,0.070815,2020.23442095628,2020.26502753552,4753000,Liège,Liège,4711,4130,Liège,Liège,4711,4130
481,482,0.000532000000000005,655628.889951402,767502.90145077,683135.85481367,741610.981673351,0.071347,0.070815,2020.23442095628,2020.23495295628,4753000,Liège,Limburg,4711,3630,Liège,Limburg,4711,3630
482,466,0.0109485792399178,683135.85481367,741610.981673351,638198.781617078,728640.609667553,0.0822955792399177,0.071347,2020.23495295628,2020.24590153552,4753000,Limburg,Liège,3630,4121,Limburg,Liège,3630,4121
482,467,0.000019579239917758,683135.85481367,741610.981673351,683292.139467294,741087.076445332,0.0713665792399178,0.071347,2020.23495295628,2020.23497253552,4753000,Limburg,Limburg,3630,3630,Limburg,Limburg,3630,3630
483,468,0.0410085792399178,682843.602944146,692470.23000308,673550.112533237,673925.256808772,0.0822955792399177,0.041287,2020.20489295628,2020.24590153552,4753000,VlaamsBrabant,VlaamsBrabant,3460,3000,VlaamsBrabant,VlaamsBrabant,3460,3000
483,484,0.00820000000000001,682843.602944146,692470.23000308,685913.773119349,692218.732635528,0.049487,0.041287,2020.20489295628,2020.21309295628,4753000,VlaamsBrabant,VlaamsBrabant,3460,3270,VlaamsBrabant,VlaamsBrabant,3460,3270
484,485,0.01122,685913.773119349,692218.732635528,669920.350390235,710801.422115851,0.060707,0.049487,2020.21309295628,2020.22431295628,4753000,VlaamsBrabant,Limburg,3270,3800,VlaamsBrabant,Limburg,3270,3800
484,469,0.0000215792399177461,685913.773119349,692218.732635528,685587.890600516,691937.101705857,0.0495085792399177,0.049487,2020.21309295628,2020.21311453552,4753000,VlaamsBrabant,VlaamsBrabant,3270,3270,VlaamsBrabant,VlaamsBrabant,3270,3270
485,486,0.00244,669920.350390235,710801.422115851,675194.878007585,707940.748714242,0.063147,0.060707,2020.22431295628,2020.22675295628,4753000,Limburg,Limburg,3800,3850,Limburg,Limburg,3800,3850
485,487,0.00516999999999999,669920.350390235,710801.422115851,670252.072108153,712752.523720669,0.065877,0.060707,2020.22431295628,2020.22948295628,4753000,Limburg,Limburg,3800,3800,Limburg,Limburg,3800,3800
486,470,0.0000225792399177471,675194.878007585,707940.748714242,672297.946764224,699456.307598465,0.0631695792399177,0.063147,2020.22675295628,2020.22677553552,4753000,Limburg,VlaamsBrabant,3850,3440,Limburg,VlaamsBrabant,3850,3440
486,471,0.0000225792399177471,675194.878007585,707940.748714242,675330.078510923,707908.251721243,0.0631695792399177,0.063147,2020.22675295628,2020.22677553552,4753000,Limburg,Limburg,3850,3850,Limburg,Limburg,3850,3850
487,472,0.0000245792399177491,670252.072108153,712752.523720669,670332.212369075,713175.864401236,0.0659015792399177,0.065877,2020.22948295628,2020.22950753552,4753000,Limburg,Limburg,3800,3800,Limburg,Limburg,3800,3800
487,488,0.01093,670252.072108153,712752.523720669,678299.395531052,705868.443863893,0.076807,0.065877,2020.22948295628,2020.24041295628,4753000,Limburg,Limburg,3800,3540,Limburg,Limburg,3800,3540
488,474,0.0000235792399177481,678299.395531052,705868.443863893,678816.555943034,674048.288084577,0.0768305792399177,0.076807,2020.24041295628,2020.24043653552,4753000,Limburg,VlaamsBrabant,3540,3012,Limburg,VlaamsBrabant,3540,3012
488,473,0.0246145792399177,678299.395531052,705868.443863893,680690.094407049,712383.610202482,0.101421579239918,0.076807,2020.24041295628,2020.26502753552,4753000,Limburg,Limburg,3540,3510,Limburg,Limburg,3540,3510
507,508,0.00541999999999999,682176.806003662,642425.186612883,664672.496475205,685157.11504967,0.00541999999999999,0,2020.15620287978,2020.16162287978,4753000,VlaamsBrabant,VlaamsBrabant,1785,3320,VlaamsBrabant,VlaamsBrabant,1785,3320
507,514,0.00233999999999999,682176.806003662,642425.186612883,676650.568419641,666060.322963308,0.00233999999999999,0,2020.15620287978,2020.15854287978,4753000,VlaamsBrabant,VlaamsBrabant,1785,3071,VlaamsBrabant,VlaamsBrabant,1785,3071
508,512,0.0000200000000000061,664672.496475205,685157.11504967,664510.472485408,686171.723481245,0.00544,0.00541999999999999,2020.16162287978,2020.16164287978,4753000,VlaamsBrabant,VlaamsBrabant,3320,3320,VlaamsBrabant,VlaamsBrabant,3320,3320
508,509,0.02128,664672.496475205,685157.11504967,666111.427092199,626837.830969488,0.0267,0.00541999999999999,2020.16162287978,2020.18290287978,4753000,VlaamsBrabant,Oost-Vlaanderen,3320,9402,VlaamsBrabant,Oost-Vlaanderen,3320,9402
509,510,0.04398,666111.427092199,626837.830969488,669371.799770884,663809.545693025,0.07068,0.0267,2020.18290287978,2020.22688287978,4753000,Oost-Vlaanderen,VlaamsBrabant,9402,3080,Oost-Vlaanderen,VlaamsBrabant,9402,3080
509,511,0.001559,666111.427092199,626837.830969488,661876.566209075,673577.392397377,0.028259,0.0267,2020.18290287978,2020.18446187978,4753000,Oost-Vlaanderen,BrabantWallon,9402,1390,Oost-Vlaanderen,BrabantWallon,9402,1390
510,489,0.021751,669371.799770884,663809.545693025,683644.46254889,540277.968097656,0.092431,0.07068,2020.22688287978,2020.24863387978,4753000,VlaamsBrabant,West-Vlaanderen,3080,8647,VlaamsBrabant,West-Vlaanderen,3080,8647
510,490,0.016287,669371.799770884,663809.545693025,674223.124932669,675178.649483298,0.086967,0.07068,2020.22688287978,2020.24316987978,4753000,VlaamsBrabant,VlaamsBrabant,3080,3010,VlaamsBrabant,VlaamsBrabant,3080,3010
511,491,0.058708,661876.566209075,673577.392397377,696859.198987599,560074.436261002,0.086967,0.028259,2020.18446187978,2020.24316987978,4753000,BrabantWallon,West-Vlaanderen,1390,8820,BrabantWallon,West-Vlaanderen,1390,8820
511,492,0.064172,661876.566209075,673577.392397377,671723.202423013,575565.669120848,0.092431,0.028259,2020.18446187978,2020.24863387978,4753000,BrabantWallon,West-Vlaanderen,1390,8530,BrabantWallon,West-Vlaanderen,1390,8530
512,493,0.035079,664510.472485408,686171.723481245,652304.322073991,743895.656734807,0.040519,0.00544,2020.16164287978,2020.19672187978,4753000,VlaamsBrabant,Liège,3320,4671,VlaamsBrabant,Liège,3320,4671
512,513,0.01593,664510.472485408,686171.723481245,655313.72720088,662102.571237961,0.02137,0.00544,2020.16164287978,2020.17757287978,4753000,VlaamsBrabant,BrabantWallon,3320,1330,VlaamsBrabant,BrabantWallon,3320,1330
513,494,0.0000229999999999675,655313.72720088,662102.571237961,655337.056093603,661503.636912564,0.021393,0.02137,2020.17757287978,2020.17759587978,4753000,BrabantWallon,BrabantWallon,1330,1330,BrabantWallon,BrabantWallon,1330,1330
513,495,0.0000229999999999675,655313.72720088,662102.571237961,679336.874000517,577776.81527814,0.021393,0.02137,2020.17757287978,2020.17759587978,4753000,BrabantWallon,West-Vlaanderen,1330,8780,BrabantWallon,West-Vlaanderen,1330,8780
514,520,0.002099,676650.568419641,666060.322963308,675151.24823215,668483.299669723,0.004439,0.00233999999999999,2020.15854287978,2020.16064187978,4753000,VlaamsBrabant,VlaamsBrabant,3071,3060,VlaamsBrabant,VlaamsBrabant,3071,3060
514,515,0.005623,676650.568419641,666060.322963308,674912.049749712,682256.512947359,0.007963,0.00233999999999999,2020.15854287978,2020.16416587978,4753000,VlaamsBrabant,VlaamsBrabant,3071,3210,VlaamsBrabant,VlaamsBrabant,3071,3210
515,518,0.005497,674912.049749712,682256.512947359,670419.286808104,643207.21966484,0.01346,0.007963,2020.16416587978,2020.16966287978,4753000,VlaamsBrabant,VlaamsBrabant,3210,1700,VlaamsBrabant,VlaamsBrabant,3210,1700
515,516,0.00822700000000001,674912.049749712,682256.512947359,671998.689358989,673494.14271984,0.01619,0.007963,2020.16416587978,2020.17239287978,4753000,VlaamsBrabant,VlaamsBrabant,3210,3001,VlaamsBrabant,VlaamsBrabant,3210,3001
516,496,0.00247099999999997,671998.689358989,673494.14271984,676336.009190802,737922.109823575,0.018661,0.01619,2020.17239287978,2020.17486387978,4753000,VlaamsBrabant,Limburg,3001,3620,VlaamsBrabant,Limburg,3001,3620
516,517,0.00244,671998.689358989,673494.14271984,672730.548661688,672386.754055394,0.01863,0.01619,2020.17239287978,2020.17483287978,4753000,VlaamsBrabant,VlaamsBrabant,3001,3001,VlaamsBrabant,VlaamsBrabant,3001,3001
517,497,0.0000309999999999755,672730.548661688,672386.754055394,672644.611539094,672826.428091362,0.018661,0.01863,2020.17483287978,2020.17486387978,4753000,VlaamsBrabant,VlaamsBrabant,3001,3001,VlaamsBrabant,VlaamsBrabant,3001,3001
517,498,0.0000309999999999755,672730.548661688,672386.754055394,700957.245824401,628994.030077121,0.018661,0.01863,2020.17483287978,2020.17486387978,4753000,VlaamsBrabant,Oost-Vlaanderen,3001,9250,VlaamsBrabant,Oost-Vlaanderen,3001,9250
518,501,0.00246799999999997,670419.286808104,643207.21966484,712007.725433224,652363.633883721,0.015928,0.01346,2020.16966287978,2020.17213087978,4753000,VlaamsBrabant,Antwerpen,1700,2000,VlaamsBrabant,Antwerpen,1700,2000
518,519,0.00244,670419.286808104,643207.21966484,672730.548661688,672386.754055394,0.0159,0.01346,2020.16966287978,2020.17210287978,4753000,VlaamsBrabant,VlaamsBrabant,1700,3001,VlaamsBrabant,VlaamsBrabant,1700,3001
519,499,0.0000279999999999725,672730.548661688,672386.754055394,674402.645792525,683965.72453822,0.015928,0.0159,2020.17210287978,2020.17213087978,4753000,VlaamsBrabant,VlaamsBrabant,3001,3210,VlaamsBrabant,VlaamsBrabant,3001,3210
519,500,0.0000279999999999725,672730.548661688,672386.754055394,671307.97389137,649225.626901861,0.015928,0.0159,2020.17210287978,2020.17213087978,4753000,VlaamsBrabant,Bruxelles,3001,1000,VlaamsBrabant,Bruxelles,3001,1000
520,521,0.005991,675151.24823215,668483.299669723,677789.662585317,678566.372098036,0.01043,0.004439,2020.16064187978,2020.16663287978,4753000,VlaamsBrabant,VlaamsBrabant,3060,3220,VlaamsBrabant,VlaamsBrabant,3060,3220
520,522,0.009021,675151.24823215,668483.299669723,674156.420582556,662870.505664947,0.01346,0.004439,2020.16064187978,2020.16966287978,4753000,VlaamsBrabant,VlaamsBrabant,3060,3078,VlaamsBrabant,VlaamsBrabant,3060,3078
521,503,0.0000339999999999785,677789.662585317,678566.372098036,677776.11904781,677208.712792136,0.010464,0.01043,2020.16663287978,2020.16666687978,4753000,VlaamsBrabant,VlaamsBrabant,3220,3220,VlaamsBrabant,VlaamsBrabant,3220,3220
521,502,0.0000339999999999785,677789.662585317,678566.372098036,678550.771589925,678039.439554745,0.010464,0.01043,2020.16663287978,2020.16666687978,4753000,VlaamsBrabant,VlaamsBrabant,3220,3220,VlaamsBrabant,VlaamsBrabant,3220,3220
522,506,0.00520099999999997,674156.420582556,662870.505664947,666161.169674297,563833.099373074,0.018661,0.01346,2020.16966287978,2020.17486387978,4753000,VlaamsBrabant,West-Vlaanderen,3078,8560,VlaamsBrabant,West-Vlaanderen,3078,8560
522,523,0.00244,674156.420582556,662870.505664947,672730.548661688,672386.754055394,0.0159,0.01346,2020.16966287978,2020.17210287978,4753000,VlaamsBrabant,VlaamsBrabant,3078,3001,VlaamsBrabant,VlaamsBrabant,3078,3001
523,505,0.0000279999999999725,672730.548661688,672386.754055394,675465.563468997,672915.22877309,0.015928,0.0159,2020.17210287978,2020.17213087978,4753000,VlaamsBrabant,VlaamsBrabant,3001,3000,VlaamsBrabant,VlaamsBrabant,3001,3000
523,504,0.0000279999999999725,672730.548661688,672386.754055394,688354.186052489,664271.582748244,0.015928,0.0159,2020.17210287978,2020.17213087978,4753000,VlaamsBrabant,Antwerpen,3001,2820,VlaamsBrabant,Antwerpen,3001,2820
530,524,0.002453,666091.611259297,681507.263782719,665979.024206034,681354.262383147,0.002453,0,2020.22432295628,2020.22677595628,4753000,VlaamsBrabant,VlaamsBrabant,3360,3360,VlaamsBrabant,VlaamsBrabant,3360,3360
530,531,0.00516999999999999,666091.611259297,681507.263782719,688926.877163156,707860.059520956,0.00516999999999999,0,2020.22432295628,2020.22949295628,4753000,VlaamsBrabant,Limburg,3360,3560,VlaamsBrabant,Limburg,3360,3560
531,525,0.0000145792399177391,688926.877163156,707860.059520956,688590.870763747,707430.466092694,0.00518457923991773,0.00516999999999999,2020.22949295628,2020.22950753552,4753000,Limburg,Limburg,3560,3560,Limburg,Limburg,3560,3560
531,532,0.01366,688926.877163156,707860.059520956,680292.59470592,680853.366897266,0.01883,0.00516999999999999,2020.22949295628,2020.24315295628,4753000,Limburg,VlaamsBrabant,3560,3220,Limburg,VlaamsBrabant,3560,3220
532,533,0.00273,680292.59470592,680853.366897266,621694.14979812,682225.223360756,0.02156,0.01883,2020.24315295628,2020.24588295628,4753000,VlaamsBrabant,Namur,3220,5170,VlaamsBrabant,Namur,3220,5170
532,526,0.0000165792399177411,680292.59470592,680853.366897266,680306.232734784,680846.025079858,0.0188465792399177,0.01883,2020.24315295628,2020.24316953552,4753000,VlaamsBrabant,VlaamsBrabant,3220,3220,VlaamsBrabant,VlaamsBrabant,3220,3220
533,534,0.01913,621694.14979812,682225.223360756,685549.580568896,723266.967157236,0.04069,0.02156,2020.24588295628,2020.26501295628,4753000,Namur,Limburg,5170,3520,Namur,Limburg,5170,3520
533,527,0.0000185792399177431,621694.14979812,682225.223360756,621679.314788925,682213.562829808,0.0215785792399177,0.02156,2020.24588295628,2020.24590153552,4753000,Namur,Namur,5170,5170,Namur,Namur,5170,5170
534,528,0.0000145792399177391,685549.580568896,723266.967157236,685536.311939326,723258.186533308,0.0407045792399177,0.04069,2020.26501295628,2020.26502753552,4753000,Limburg,Limburg,3520,3520,Limburg,Limburg,3520,3520
534,529,0.0819815792399177,685549.580568896,723266.967157236,729884.608097628,695957.974724877,0.122671579239918,0.04069,2020.26501295628,2020.34699453552,4753000,Limburg,Antwerpen,3520,2380,Limburg,Antwerpen,3520,2380
540,535,0.00086,647380.931499115,735677.471848665,647332.894833078,735704.695639837,0.00086,0,2020.20132579235,2020.20218579235,4753000,Liège,Liège,4020,4020,Liège,Liège,4020,4020
540,541,0.000293000000000002,647380.931499115,735677.471848665,647581.484547849,735134.687558801,0.000293000000000002,0,2020.20132579235,2020.20161879235,4753000,Liège,Liège,4020,4000,Liège,Liège,4020,4000
541,536,0.000567049179876843,647581.484547849,735134.687558801,647766.903135688,734913.249354646,0.000860049179876844,0.000293000000000002,2020.20161879235,2020.20218584153,4753000,Liège,Liège,4000,4000,Liège,Liège,4000,4000
541,542,0.000543999999999996,647581.484547849,735134.687558801,647439.497077426,734863.549117548,0.000836999999999997,0.000293000000000002,2020.20161879235,2020.20216279235,4753000,Liège,Liège,4000,4000,Liège,Liège,4000,4000
542,537,0.0000230491798768467,647439.497077426,734863.549117548,651015.821992468,740387.940139098,0.000860049179876844,0.000836999999999997,2020.20216279235,2020.20218584153,4753000,Liège,Liège,4000,4020,Liège,Liège,4000,4020
542,543,0.00273,647439.497077426,734863.549117548,643773.210324777,738460.892163448,0.003567,0.000836999999999997,2020.20216279235,2020.20489279235,4753000,Liège,Liège,4000,4053,Liège,Liège,4000,4053
543,538,0.0000250491798768418,643773.210324777,738460.892163448,643752.427119752,738517.168412855,0.00359204917987684,0.003567,2020.20489279235,2020.20491784153,4753000,Liège,Liège,4053,4053,Liège,Liège,4053,4053
543,539,0.0546700491798768,643773.210324777,738460.892163448,649913.523027336,732828.600978045,0.0582370491798768,0.003567,2020.20489279235,2020.25956284153,4753000,Liège,Liège,4053,4430,Liège,Liège,4053,4430
548,544,0.042063,725681.602741558,565171.835531476,670735.620756515,540607.406813484,0.042063,0,2020.20930312022,2020.25136612022,4753000,NA,West-Vlaanderen,NA,8908,NA,West-Vlaanderen,NA,8908
548,549,0.02019,725681.602741558,565171.835531476,724895.718612059,565277.532167487,0.02019,0,2020.20930312022,2020.22949312022,4753000,NA,NA,NA,8370,NA,NA,NA,8370
549,545,0.0000150000000000011,724895.718612059,565277.532167487,724727.837231005,565172.207501105,0.020205,0.02019,2020.22949312022,2020.22950812022,4753000,NA,NA,8370,8370,NA,NA,8370,8370
549,550,0.0082,724895.718612059,565277.532167487,668003.227587658,594294.861285876,0.02839,0.02019,2020.22949312022,2020.23769312022,4753000,NA,Oost-Vlaanderen,8370,9700,NA,Oost-Vlaanderen,8370,9700
550,546,0.0000120000000000016,668003.227587658,594294.861285876,667956.911238631,594307.464236937,0.028402,0.02839,2020.23769312022,2020.23770512022,4753000,Oost-Vlaanderen,Oost-Vlaanderen,9700,9700,Oost-Vlaanderen,Oost-Vlaanderen,9700,9700
550,547,0.008209,668003.227587658,594294.861285876,635009.503655984,724497.688236032,0.036599,0.02839,2020.23769312022,2020.24590212022,4753000,Oost-Vlaanderen,Liège,9700,4550,Oost-Vlaanderen,Liège,9700,4550
559,560,0.044038,647273.684196582,730193.931268579,653213.271886877,737131.826383006,0.044038,0,2020.13901510929,2020.18305310929,4753000,Liège,Liège,4460,4041,Liège,Liège,4460,4041
559,561,0.000338000000000005,647273.684196582,730193.931268579,647512.792497887,730696.810926762,0.000338000000000005,0,2020.13901510929,2020.13935310929,4753000,Liège,Liège,4460,4420,Liège,Liège,4460,4420
560,551,0.000007000000000007,653213.271886877,737131.826383006,653254.317343162,737237.606517358,0.044045,0.044038,2020.18305310929,2020.18306010929,4753000,Liège,Liège,4041,4041,Liège,Liège,4041,4041
560,552,0.0710452513700552,653213.271886877,737131.826383006,651044.150579737,740054.132644002,0.115083251370055,0.044038,2020.18305310929,2020.25409836066,4753000,Liège,Liège,4041,4020,Liège,Liège,4041,4020
561,562,0.0355,647512.792497887,730696.810926762,642621.066757964,730673.088716487,0.035838,0.000338000000000005,2020.13935310929,2020.17485310929,4753000,Liège,Liège,4420,4100,Liège,Liège,4420,4100
561,563,0.03277,647512.792497887,730696.810926762,616511.810469818,650767.028749758,0.033108,0.000338000000000005,2020.13935310929,2020.17212310929,4753000,Liège,Hainaut,4420,6110,Liège,Hainaut,4420,6110
562,553,0.00274225137005517,642621.066757964,730673.088716487,642347.447131056,729838.658272942,0.0385802513700552,0.035838,2020.17485310929,2020.17759536066,4753000,Liège,Liège,4100,4100,Liège,Liège,4100,4100
562,554,0.000010251370055156,642621.066757964,730673.088716487,644609.987120652,748321.670461298,0.0358482513700552,0.035838,2020.17485310929,2020.17486336066,4753000,Liège,Liège,4100,4630,Liège,Liège,4100,4630
563,555,0.00000725137005516685,616511.810469818,650767.028749758,616497.467929696,650730.970837039,0.0331152513700552,0.033108,2020.17212310929,2020.17213036066,4753000,Hainaut,Hainaut,6110,6110,Hainaut,Hainaut,6110,6110
563,564,0.00273,616511.810469818,650767.028749758,616090.750617009,649775.744546182,0.035838,0.033108,2020.17212310929,2020.17485310929,4753000,Hainaut,Hainaut,6110,6534,Hainaut,Hainaut,6110,6534
564,556,0.00274225137005517,616090.750617009,649775.744546182,634552.343793883,724432.133961774,0.0385802513700552,0.035838,2020.17485310929,2020.17759536066,4753000,Hainaut,Liège,6534,4550,Hainaut,Liège,6534,4550
564,565,0.00273,616090.750617009,649775.744546182,616090.750617009,649775.744546182,0.038568,0.035838,2020.17485310929,2020.17758310929,4753000,Hainaut,Hainaut,6534,6534,Hainaut,Hainaut,6534,6534
565,557,0.000012251370055158,616090.750617009,649775.744546182,655010.755787554,762806.86975201,0.0385802513700551,0.038568,2020.17758310929,2020.17759536066,4753000,Hainaut,Liège,6534,4841,Hainaut,Liège,6534,4841
565,558,0.0491922513700552,616090.750617009,649775.744546182,618121.097215688,651407.400855015,0.0877602513700552,0.038568,2020.17758310929,2020.22677536066,4753000,Hainaut,Hainaut,6534,6110,Hainaut,Hainaut,6534,6110
571,572,0.000229999999999994,725484.018197019,675723.952124398,725500.541542888,675721.097602994,0.000229999999999994,0,2020.17990299454,2020.18013299454,4753000,Antwerpen,Antwerpen,2310,2310,Antwerpen,Antwerpen,2310,2310
571,573,0.04959,725484.018197019,675723.952124398,705653.231399756,670979.262319012,0.04959,0,2020.17990299454,2020.22949299454,4753000,Antwerpen,Antwerpen,2310,2560,Antwerpen,Antwerpen,2310,2560
572,566,0.035714,725500.541542888,675721.097602994,725425.79318517,676273.838018777,0.035944,0.000229999999999994,2020.18013299454,2020.21584699454,4753000,Antwerpen,Antwerpen,2310,2310,Antwerpen,Antwerpen,2310,2310
572,567,0.065768644799975,725500.541542888,675721.097602994,725220.47612821,661630.799342187,0.065998644799975,0.000229999999999994,2020.18013299454,2020.24590163934,4753000,Antwerpen,Antwerpen,2310,2930,Antwerpen,Antwerpen,2310,2930
573,568,0.000014644799975011,705653.231399756,670979.262319012,619268.144389093,663719.991707072,0.049604644799975,0.04959,2020.22949299454,2020.22950763934,4753000,Antwerpen,Hainaut,2560,6250,Antwerpen,Hainaut,2560,6250
573,574,0.01093,705653.231399756,670979.262319012,705791.696355361,671150.728387486,0.06052,0.04959,2020.22949299454,2020.24042299454,4753000,Antwerpen,Antwerpen,2560,2560,Antwerpen,Antwerpen,2560,2560
574,569,0.00001364479997501,705791.696355361,671150.728387486,705794.380882685,671153.430006896,0.060533644799975,0.06052,2020.24042299454,2020.24043663934,4753000,Antwerpen,Antwerpen,2560,2560,Antwerpen,Antwerpen,2560,2560
574,570,0.00274664479997501,705791.696355361,671150.728387486,702452.827728692,667954.942566759,0.063266644799975,0.06052,2020.24042299454,2020.24316963934,4753000,Antwerpen,Antwerpen,2560,2560,Antwerpen,Antwerpen,2560,2560
579,580,0.000161999999999995,645513.45520648,746476.903224843,645505.857495457,746470.885264275,0.000161999999999995,0,2020.19729108197,2020.19745308197,4753000,Liège,Liège,4630,4630,Liège,Liège,4630,4630
579,581,0.026742,645513.45520648,746476.903224843,656684.63756371,633760.231453147,0.026742,0,2020.19729108197,2020.22403308197,4753000,Liège,BrabantWallon,4630,1480,Liège,BrabantWallon,4630,1480
580,575,0.064842,645505.857495457,746470.885264275,638839.13732636,737358.121272238,0.065004,0.000161999999999995,2020.19745308197,2020.26229508197,4753000,Liège,Liège,4630,4130,Liège,Liège,4630,4130
580,576,0.048449,645505.857495457,746470.885264275,648095.480354975,751189.117838704,0.048611,0.000161999999999995,2020.19745308197,2020.24590208197,4753000,Liège,Liège,4630,4650,Liège,Liège,4630,4650
581,577,0.0000109999999999971,656684.63756371,633760.231453147,653766.978241712,654531.150350743,0.026753,0.026742,2020.22403308197,2020.22404408197,4753000,BrabantWallon,BrabantWallon,1480,1380,BrabantWallon,BrabantWallon,1480,1380
581,578,0.0000109999999999971,656684.63756371,633760.231453147,656679.730805332,633763.770828808,0.026753,0.026742,2020.22403308197,2020.22404408197,4753000,BrabantWallon,BrabantWallon,1480,1480,BrabantWallon,BrabantWallon,1480,1480
588,582,0.018599,653838.10678864,735983.099120916,654254.397301449,737410.607864571,0.018599,0,2020.17812231148,2020.19672131148,4753000,Liège,Liège,4041,4040,Liège,Liège,4041,4040
588,589,0.04074,653838.10678864,735983.099120916,651689.321178202,734316.028554963,0.04074,0,2020.17812231148,2020.21886231148,4753000,Liège,Liège,4041,4000,Liège,Liège,4041,4000
589,590,0.00244,651689.321178202,734316.028554963,651764.793300685,734134.702130303,0.04318,0.04074,2020.21886231148,2020.22130231148,4753000,Liège,Liège,4000,4000,Liège,Liège,4000,4000
589,591,0.00244,651689.321178202,734316.028554963,651764.793300685,734134.702130303,0.04318,0.04074,2020.21886231148,2020.22130231148,4753000,Liège,Liège,4000,4000,Liège,Liège,4000,4000
590,583,0.00000953005003646173,651764.793300685,734134.702130303,639597.5345639,730155.996941926,0.0431895300500365,0.04318,2020.22130231148,2020.22131184153,4753000,Liège,Liège,4000,4100,Liège,Liège,4000,4100
590,584,0.00000953005003646173,651764.793300685,734134.702130303,651762.810171647,734138.13737403,0.0431895300500365,0.04318,2020.22130231148,2020.22131184153,4753000,Liège,Liège,4000,4000,Liège,Liège,4000,4000
591,585,0.00000953005003646173,651764.793300685,734134.702130303,649589.587357881,705962.666381435,0.0431895300500365,0.04318,2020.22130231148,2020.22131184153,4753000,Liège,Liège,4000,4250,Liège,Liège,4000,4250
591,592,0.02186,651764.793300685,734134.702130303,630873.578145127,732407.731115642,0.06504,0.04318,2020.22130231148,2020.24316231148,4753000,Liège,Liège,4000,4160,Liège,Liège,4000,4160
592,586,0.0000075300500364528,630873.578145127,732407.731115642,630878.069547818,732397.810827023,0.0650475300500365,0.06504,2020.24316231148,2020.24316984153,4753000,Liège,Liège,4160,4160,Liège,Liège,4160,4160
592,587,0.0164005300500365,630873.578145127,732407.731115642,667781.602412771,652299.518075062,0.0814405300500365,0.06504,2020.24316231148,2020.25956284153,4753000,Liège,Bruxelles,4160,1050,Liège,Bruxelles,4160,1050
598,593,0.0000290000000000012,641070.935277344,706469.833030928,641093.68875782,706501.787212927,0.0000290000000000012,0,2020.29505296721,2020.29508196721,4753000,Liège,Liège,4520,4520,Liège,Liège,4520,4520
598,599,0.05227,641070.935277344,706469.833030928,648540.36490054,727380.655452571,0.05227,0,2020.29505296721,2020.34732296721,4753000,Liège,Liège,4520,4460,Liège,Liège,4520,4460
599,600,0.0051,648540.36490054,727380.655452571,650956.438623457,731183.699975442,0.05737,0.05227,2020.34732296721,2020.35242296721,4753000,Liège,Liège,4460,4430,Liège,Liège,4460,4430
599,601,0.00237,648540.36490054,727380.655452571,650729.031086797,742794.303377793,0.05464,0.05227,2020.34732296721,2020.34969296721,4753000,Liège,Liège,4460,4671,Liège,Liège,4460,4671
600,594,0.000035530059813528,650956.438623457,731183.699975442,656744.256591451,730017.484190977,0.0574055300598135,0.05737,2020.35242296721,2020.35245849727,4753000,Liège,Liège,4430,4432,Liège,Liège,4430,4432
600,595,0.000035530059813528,650956.438623457,731183.699975442,651030.336508111,731285.218641145,0.0574055300598135,0.05737,2020.35242296721,2020.35245849727,4753000,Liège,Liège,4430,4430,Liège,Liège,4430,4430
601,596,0.00823053005981353,650729.031086797,742794.303377793,636387.802382738,727274.72093111,0.0628705300598135,0.05464,2020.34969296721,2020.35792349727,4753000,Liège,Liège,4671,4120,Liège,Liège,4671,4120
601,597,0.000033530059813526,650729.031086797,742794.303377793,649574.075933813,741093.203564466,0.0546735300598135,0.05464,2020.34969296721,2020.34972649727,4753000,Liège,Liège,4671,4610,Liège,Liège,4671,4610
606,607,0.00244,648904.96487926,724724.365747391,651731.400931365,737915.962351401,0.00244,0,2020.17514262842,2020.17758262842,4753000,Liège,Liège,4460,4040,Liège,Liège,4460,4040
606,608,0.00244,648904.96487926,724724.365747391,651731.400931365,737915.962351401,0.00244,0,2020.17514262842,2020.17758262842,4753000,Liège,Liège,4460,4040,Liège,Liège,4460,4040
607,602,0.000013,651731.400931365,737915.962351401,635179.80583113,753661.971229135,0.002453,0.00244,2020.17758262842,2020.17759562842,4753000,Liège,Liège,4040,4910,Liège,Liège,4040,4910
607,603,0.000013,651731.400931365,737915.962351401,651717.883791085,737989.699884083,0.002453,0.00244,2020.17758262842,2020.17759562842,4753000,Liège,Liège,4040,4040,Liège,Liège,4040,4040
608,604,0.000013,651731.400931365,737915.962351401,648319.176826482,723753.240422477,0.002453,0.00244,2020.17758262842,2020.17759562842,4753000,Liège,Liège,4040,4460,Liège,Liège,4040,4460
608,605,0.000013,651731.400931365,737915.962351401,646370.745500357,747312.713222963,0.002453,0.00244,2020.17758262842,2020.17759562842,4753000,Liège,Liège,4040,4630,Liège,Liège,4040,4630
617,609,0.000005000000000005,675136.32709692,638373.121985351,675107.217392759,638341.588283139,0.000005000000000005,0,2020.18032286885,2020.18032786885,4753000,VlaamsBrabant,VlaamsBrabant,1700,1700,VlaamsBrabant,VlaamsBrabant,1700,1700
617,618,0.01984,675136.32709692,638373.121985351,645224.242640763,739247.152570572,0.01984,0,2020.18032286885,2020.20016286885,4753000,VlaamsBrabant,Liège,1700,4032,VlaamsBrabant,Liège,1700,4032
618,610,0.0129522131199241,645224.242640763,739247.152570572,631648.382785821,732039.610512537,0.0327922131199241,0.01984,2020.20016286885,2020.21311508197,4753000,Liège,Liège,4032,4160,Liège,Liège,4032,4160
618,619,0.03552,645224.242640763,739247.152570572,645508.137639835,740336.575460135,0.05536,0.01984,2020.20016286885,2020.23568286885,4753000,Liège,Liège,4032,4610,Liège,Liège,4032,4610
619,620,0.00504,645508.137639835,740336.575460135,646048.275992791,740426.02437865,0.0604,0.05536,2020.23568286885,2020.24072286885,4753000,Liège,Liège,4610,4610,Liège,Liège,4610,4610
619,621,0.00237,645508.137639835,740336.575460135,645459.33903699,740235.77736622,0.05773,0.05536,2020.23568286885,2020.23805286885,4753000,Liège,Liège,4610,4610,Liège,Liège,4610,4610
620,611,0.00244721311992406,646048.275992791,740426.02437865,631943.641863436,738654.264028761,0.0628472131199241,0.0604,2020.24072286885,2020.24317008197,4753000,Liège,Liège,4610,4140,Liège,Liège,4610,4140
620,612,0.00244721311992406,646048.275992791,740426.02437865,647639.102205675,741612.25490094,0.0628472131199241,0.0604,2020.24072286885,2020.24317008197,4753000,Liège,Liège,4610,4610,Liège,Liège,4610,4610
621,622,0.00737699999999999,645459.33903699,740235.77736622,645391.259034937,740367.430870242,0.065107,0.05773,2020.23805286885,2020.24542986885,4753000,Liège,Liège,4610,4610,Liège,Liège,4610,4610
621,623,0.018767,645459.33903699,740235.77736622,647131.971138827,740273.869274794,0.076497,0.05773,2020.23805286885,2020.25681986885,4753000,Liège,Liège,4610,4030,Liège,Liège,4610,4030
622,613,0.000472213119924056,645391.259034937,740367.430870242,645326.548071377,740333.145859531,0.0655792131199241,0.065107,2020.24542986885,2020.24590208197,4753000,Liège,Liège,4610,4610,Liège,Liège,4610,4610
622,614,0.0114012131199241,645391.259034937,740367.430870242,645799.378063769,729646.234454007,0.076508213119924,0.065107,2020.24542986885,2020.25683108197,4753000,Liège,Liège,4610,4101,Liège,Liège,4610,4101
623,615,0.0000112131199240528,647131.971138827,740273.869274794,647168.783827991,740310.727939849,0.0765082131199241,0.076497,2020.25681986885,2020.25683108197,4753000,Liège,Liège,4030,4610,Liège,Liège,4030,4610
623,616,0.00547521311992405,647131.971138827,740273.869274794,644563.196729722,732685.852121126,0.0819722131199241,0.076497,2020.25681986885,2020.26229508197,4753000,Liège,Liège,4030,4102,Liège,Liège,4030,4102
627,626,0.002451,645680.424899394,748179.79489688,617795.612772019,715689.948299712,0.002451,0,2020.17241238798,2020.17486338798,4753000,Liège,Namur,4630,5370,Liège,Namur,4630,5370
627,628,0.00244,645680.424899394,748179.79489688,645120.227212569,747532.500178776,0.00244,0,2020.17241238798,2020.17485238798,4753000,Liège,Liège,4630,4630,Liège,Liège,4630,4630
628,624,0.0000110000000000002,645120.227212569,747532.500178776,645108.706499476,747519.353380428,0.002451,0.00244,2020.17485238798,2020.17486338798,4753000,Liège,Liège,4630,4630,Liège,Liège,4630,4630
628,625,0.0000110000000000002,645120.227212569,747532.500178776,651729.57933524,749643.37131055,0.002451,0.00244,2020.17485238798,2020.17486338798,4753000,Liège,Liège,4630,4651,Liège,Liège,4630,4651
632,629,0.035321,696868.779585374,733650.880103812,691662.022734166,728682.290451365,0.035321,0,2020.13954238798,2020.17486338798,4753000,Limburg,Limburg,3670,3530,Limburg,Limburg,3670,3530
632,633,0.03834,696868.779585374,733650.880103812,687656.221736325,723126.197220636,0.03834,0,2020.13954238798,2020.17788238798,4753000,Limburg,Limburg,3670,3520,Limburg,Limburg,3670,3520
633,630,0.00244520217994649,687656.221736325,723126.197220636,688122.264827738,719304.439016901,0.0407852021799465,0.03834,2020.17788238798,2020.18032759016,4753000,Limburg,Limburg,3520,3520,Limburg,Limburg,3520,3520
633,631,0.0106422021799465,687656.221736325,723126.197220636,687655.736223453,723135.757876948,0.0489822021799465,0.03834,2020.17788238798,2020.18852459016,4753000,Limburg,Limburg,3520,3520,Limburg,Limburg,3520,3520
641,644,0.043366,645491.576848854,729809.629925966,646080.554022214,729962.708111054,0.043366,0,2020.16900284153,2020.21236884153,4753000,Liège,Liège,4101,4101,Liège,Liège,4101,4101
641,642,0.090148,645491.576848854,729809.629925966,645342.004208411,731449.699588422,0.090148,0,2020.16900284153,2020.25915084153,4753000,Liège,Liège,4101,4100,Liège,Liège,4101,4100
642,634,0.000411999999999996,645342.004208411,731449.699588422,643750.593209959,728317.026644858,0.09056,0.090148,2020.25915084153,2020.25956284153,4753000,Liège,Liège,4100,4400,Liège,Liège,4100,4400
642,643,0.003066,645342.004208411,731449.699588422,645471.172554916,731548.231408363,0.093214,0.090148,2020.25915084153,2020.26221684153,4753000,Liège,Liège,4100,4100,Liège,Liège,4100,4100
643,635,0.0000791256801390416,645471.172554916,731548.231408363,643327.630329213,729251.215846753,0.093293125680139,0.093214,2020.26221684153,2020.26229596721,4753000,Liège,Liège,4100,4100,Liège,Liège,4100,4100
643,636,0.0000791256801390416,645471.172554916,731548.231408363,645516.235236805,731687.37187844,0.093293125680139,0.093214,2020.26221684153,2020.26229596721,4753000,Liège,Liège,4100,4100,Liège,Liège,4100,4100
644,637,0.033532125680139,646080.554022214,729962.708111054,647198.521708139,759302.387536514,0.076898125680139,0.043366,2020.21236884153,2020.24590096721,4753000,Liège,Liège,4101,4831,Liège,Liège,4101,4831
644,645,0.00055899999999999,646080.554022214,729962.708111054,646008.513679761,729565.101572771,0.043925,0.043366,2020.21236884153,2020.21292784153,4753000,Liège,Liège,4101,4101,Liège,Liège,4101,4101
645,646,0.064065,646008.513679761,729565.101572771,657738.169005758,737955.662348661,0.10799,0.043925,2020.21292784153,2020.27699284153,4753000,Liège,Liège,4101,4680,Liège,Liège,4101,4680
645,638,0.000187125680139053,646008.513679761,729565.101572771,646029.954772235,729584.330666394,0.044112125680139,0.043925,2020.21292784153,2020.21311496721,4753000,Liège,Liège,4101,4101,Liège,Liège,4101,4101
646,639,0.018089125680139,657738.169005758,737955.662348661,657177.804850128,739441.68047054,0.126079125680139,0.10799,2020.27699284153,2020.29508196721,4753000,Liège,Liège,4680,4680,Liège,Liège,4680,4680
646,640,0.018089125680139,657738.169005758,737955.662348661,657625.791460311,737463.357327077,0.126079125680139,0.10799,2020.27699284153,2020.29508196721,4753000,Liège,Liège,4680,4680,Liège,Liège,4680,4680
652,647,0.023023,622035.291399437,617495.176444462,621462.01417369,620604.532346784,0.023023,0,2020.18735951366,2020.21038251366,4753000,Hainaut,Hainaut,7080,7040,Hainaut,Hainaut,7080,7040
652,653,0.019203,622035.291399437,617495.176444462,622993.7767873,614426.59681951,0.019203,0,2020.18735951366,2020.20656251366,4753000,Hainaut,Hainaut,7080,7390,Hainaut,Hainaut,7080,7390
653,648,0.0420708469999304,622993.7767873,614426.59681951,657539.412963268,545440.536995205,0.0612738469999304,0.019203,2020.20656251366,2020.24863336066,4753000,Hainaut,Hainaut,7390,7782,Hainaut,Hainaut,7390,7782
653,654,0.01775,622993.7767873,614426.59681951,624587.725945377,609971.277898342,0.036953,0.019203,2020.20656251366,2020.22431251366,4753000,Hainaut,Hainaut,7390,7300,Hainaut,Hainaut,7390,7300
654,651,0.00246284699993037,624587.725945377,609971.277898342,623431.798995666,646915.571713831,0.0394158469999304,0.036953,2020.22431251366,2020.22677536066,4753000,Hainaut,Hainaut,7300,6141,Hainaut,Hainaut,7300,6141
654,655,0.00517,624587.725945377,609971.277898342,623913.592093105,612122.144719393,0.042123,0.036953,2020.22431251366,2020.22948251366,4753000,Hainaut,Hainaut,7300,7340,Hainaut,Hainaut,7300,7340
655,649,0.0000248469999303697,623913.592093105,612122.144719393,623949.589230053,612004.203828413,0.0421478469999304,0.042123,2020.22948251366,2020.22950736066,4753000,Hainaut,Hainaut,7340,7340,Hainaut,Hainaut,7340,7340
655,650,0.0246158469999304,623913.592093105,612122.144719393,625143.991150846,738324.736095045,0.0667388469999304,0.042123,2020.22948251366,2020.25409836066,4753000,Hainaut,Liège,7340,4190,Hainaut,Liège,7340,4190
662,663,0.00251000000000001,647319.727111257,737704.31076262,647320.17207954,737699.386868807,0.00251000000000001,0,2020.19431236066,2020.19682236066,4753000,Liège,Liège,4030,4030,Liège,Liège,4030,4030
662,664,0.01878,647319.727111257,737704.31076262,649465.458013068,735653.030116547,0.01878,0,2020.19431236066,2020.21309236066,4753000,Liège,Liège,4030,4000,Liège,Liège,4030,4000
663,656,0.057276,647320.17207954,737699.386868807,647304.975123657,737987.333251656,0.059786,0.00251000000000001,2020.19682236066,2020.25409836066,4753000,Liège,Liège,4030,4030,Liège,Liège,4030,4030
663,657,0.161101136609885,647320.17207954,737699.386868807,640928.066433599,764832.263624172,0.163611136609885,0.00251000000000001,2020.19682236066,2020.35792349727,4753000,Liège,Liège,4030,4845,Liège,Liège,4030,4845
664,658,0.0000221366098848153,649465.458013068,735653.030116547,649481.294448146,735671.368853717,0.0188021366098848,0.01878,2020.21309236066,2020.21311449727,4753000,Liège,Liège,4000,4000,Liège,Liège,4000,4000
664,665,0.03041,649465.458013068,735653.030116547,639077.610099604,732469.075947328,0.04919,0.01878,2020.21309236066,2020.24350236066,4753000,Liège,Liège,4000,4122,Liège,Liège,4000,4122
665,659,0.0515791366098848,639077.610099604,732469.075947328,639255.801093339,732987.724961974,0.100769136609885,0.04919,2020.24350236066,2020.29508149727,4753000,Liège,Liège,4122,4122,Liège,Liège,4122,4122
665,666,0.00238000000000001,639077.610099604,732469.075947328,638758.586262674,730714.882999862,0.05157,0.04919,2020.24350236066,2020.24588236066,4753000,Liège,Liège,4122,4100,Liège,Liège,4122,4100
666,660,0.0491991366098848,638758.586262674,730714.882999862,638396.861357709,731005.952128491,0.100769136609885,0.05157,2020.24588236066,2020.29508149727,4753000,Liège,Liège,4100,4122,Liège,Liège,4100,4122
666,661,0.0000191366098847845,638758.586262674,730714.882999862,651194.930877229,741152.8050435,0.0515891366098848,0.05157,2020.24588236066,2020.24590149727,4753000,Liège,Liège,4100,4020,Liège,Liège,4100,4020
672,667,0.057431,696165.559016804,648814.459786899,693822.45838987,638265.019344676,0.057431,0,2020.20486408197,2020.26229508197,4753000,Antwerpen,Antwerpen,2830,2890,Antwerpen,Antwerpen,2830,2890
672,673,0.000293000000000015,696165.559016804,648814.459786899,696188.889544398,649006.031961053,0.000293000000000015,0,2020.20486408197,2020.20515708197,4753000,Antwerpen,Antwerpen,2830,2830,Antwerpen,Antwerpen,2830,2830
673,668,0.0434764808699322,696188.889544398,649006.031961053,696616.909394222,651073.482081308,0.0437694808699323,0.000293000000000015,2020.20515708197,2020.24863356284,4753000,Antwerpen,Antwerpen,2830,2830,Antwerpen,Antwerpen,2830,2830
673,674,0.00056599999999999,696188.889544398,649006.031961053,696037.810272684,648578.499199727,0.000859000000000006,0.000293000000000015,2020.20515708197,2020.20572308197,4753000,Antwerpen,Antwerpen,2830,2830,Antwerpen,Antwerpen,2830,2830
674,669,0.0292494808699322,696037.810272684,648578.499199727,672817.010518605,531155.447579934,0.0301084808699322,0.000859000000000006,2020.20572308197,2020.23497256284,4753000,Antwerpen,West-Vlaanderen,2830,8970,Antwerpen,West-Vlaanderen,2830,8970
674,675,0.04287,696037.810272684,648578.499199727,695613.546197493,646290.93765455,0.043729,0.000859000000000006,2020.20572308197,2020.24859308197,4753000,Antwerpen,Antwerpen,2830,2870,Antwerpen,Antwerpen,2830,2870
675,670,0.0000404808699322398,695613.546197493,646290.93765455,695417.485869444,645601.969002141,0.0437694808699322,0.043729,2020.24859308197,2020.24863356284,4753000,Antwerpen,Antwerpen,2870,2870,Antwerpen,Antwerpen,2870,2870
675,671,0.0191664808699322,695613.546197493,646290.93765455,708792.81852146,645378.256369105,0.0628954808699322,0.043729,2020.24859308197,2020.26775956284,4753000,Antwerpen,Oost-Vlaanderen,2870,9150,Antwerpen,Oost-Vlaanderen,2870,9150
679,678,0.002461,631048.096586597,631374.772406182,627769.056706198,628274.842073467,0.002461,0,2020.17240238798,2020.17486338798,4753000,Hainaut,Hainaut,7070,7021,Hainaut,Hainaut,7070,7021
679,680,0.00244,631048.096586597,631374.772406182,661886.265820624,645579.375474709,0.00244,0,2020.17240238798,2020.17484238798,4753000,Hainaut,VlaamsBrabant,7070,1650,Hainaut,VlaamsBrabant,7070,1650
680,676,0.0000210000000000002,661886.265820624,645579.375474709,727525.586831813,658991.869518966,0.002461,0.00244,2020.17484238798,2020.17486338798,4753000,VlaamsBrabant,Antwerpen,1650,2920,VlaamsBrabant,Antwerpen,1650,2920
680,677,0.0000210000000000002,661886.265820624,645579.375474709,661849.802625955,645535.839826568,0.002461,0.00244,2020.17484238798,2020.17486338798,4753000,VlaamsBrabant,VlaamsBrabant,1650,1650,VlaamsBrabant,VlaamsBrabant,1650,1650
707,711,0.000636999999999999,645478.275568241,756349.73924907,645322.328235603,754480.027060538,0.000636999999999999,0,2020.13667695628,2020.13731395628,4753000,Liège,Liège,4821,4820,Liège,Liège,4821,4820
707,708,0.000635999999999998,645478.275568241,756349.73924907,645288.572935011,755669.943182718,0.000635999999999998,0,2020.13667695628,2020.13731295628,4753000,Liège,Liège,4821,4820,Liège,Liège,4821,4820
708,681,0.089463,645288.572935011,755669.943182718,645506.874758134,760766.720526463,0.090099,0.000635999999999998,2020.13731295628,2020.22677595628,4753000,Liège,Liège,4820,4830,Liège,Liège,4820,4830
708,709,0.04533,645288.572935011,755669.943182718,645299.662866205,753537.580712794,0.045966,0.000635999999999998,2020.13731295628,2020.18264295628,4753000,Liège,Liège,4820,4800,Liège,Liège,4820,4800
709,684,0.03047106010985,645299.662866205,753537.580712794,647789.471518446,748033.396650756,0.07643706010985,0.045966,2020.18264295628,2020.21311401639,4753000,Liège,Liège,4800,4633,Liège,Liège,4800,4633
709,710,0.04412,645299.662866205,753537.580712794,626767.898050915,610522.926419016,0.090086,0.045966,2020.18264295628,2020.22676295628,4753000,Liège,Hainaut,4800,7330,Liège,Hainaut,4800,7330
710,683,0.0000120601098499429,626767.898050915,610522.926419016,626855.407875056,610738.313739381,0.0900980601098499,0.090086,2020.22676295628,2020.22677501639,4753000,Hainaut,Hainaut,7330,7330,Hainaut,Hainaut,7330,7330
710,682,0.01367306010985,626767.898050915,610522.926419016,619985.116568005,614566.2736534,0.10375906010985,0.090086,2020.22676295628,2020.24043601639,4753000,Hainaut,Hainaut,7330,7080,Hainaut,Hainaut,7330,7080
711,712,0.13043,645322.328235603,754480.027060538,647327.103632849,756937.073771157,0.131067,0.000636999999999999,2020.13731395628,2020.26774395628,4753000,Liège,Liège,4820,4821,Liège,Liège,4820,4821
711,713,0.017098,645322.328235603,754480.027060538,644675.572656122,750766.03887288,0.017735,0.000636999999999999,2020.13731395628,2020.15441195628,4753000,Liège,Liège,4820,4650,Liège,Liège,4820,4650
712,685,0.0000160601098499469,647327.103632849,756937.073771157,638751.491626555,726303.143267771,0.13108306010985,0.131067,2020.26774395628,2020.26776001639,4753000,Liège,Liège,4821,4121,Liège,Liège,4821,4121
712,686,0.0000160601098499469,647327.103632849,756937.073771157,647225.183108953,756683.21180853,0.13108306010985,0.131067,2020.26774395628,2020.26776001639,4753000,Liège,Liège,4821,4821,Liège,Liège,4821,4821
713,714,0.029028,644675.572656122,750766.03887288,642965.722625259,747769.373858398,0.046763,0.017735,2020.15441195628,2020.18343995628,4753000,Liège,Liège,4650,4877,Liège,Liège,4650,4877
713,718,0.000374999999999986,644675.572656122,750766.03887288,644600.538950173,750610.233889217,0.01811,0.017735,2020.15441195628,2020.15478695628,4753000,Liège,Liège,4650,4652,Liège,Liège,4650,4652
714,715,0.062444,642965.722625259,747769.373858398,651757.631386646,763638.045259115,0.109207,0.046763,2020.18343995628,2020.24588395628,4753000,Liège,Liège,4877,4710,Liège,Liège,4877,4710
714,716,0.000367000000000006,642965.722625259,747769.373858398,643187.389880636,747954.815350496,0.04713,0.046763,2020.18343995628,2020.18380695628,4753000,Liège,Liège,4877,4877,Liège,Liège,4877,4877
715,687,0.01914406010985,651757.631386646,763638.045259115,643713.069664477,744033.413240361,0.12835106010985,0.109207,2020.24588395628,2020.26502801639,4753000,Liège,Liège,4710,4623,Liège,Liège,4710,4623
715,688,0.0000180601098499628,651757.631386646,763638.045259115,651745.926360375,763561.694936342,0.10922506010985,0.109207,2020.24588395628,2020.24590201639,4753000,Liège,Liège,4710,4840,Liège,Liège,4710,4840
716,689,0.02930806010985,643187.389880636,747954.815350496,643032.149774,737413.799269093,0.07643806010985,0.04713,2020.18380695628,2020.21311501639,4753000,Liège,Liège,4877,4053,Liège,Liège,4877,4053
716,717,0.000376999999999988,643187.389880636,747954.815350496,643521.308202499,748583.889778891,0.047507,0.04713,2020.18380695628,2020.18418395628,4753000,Liège,Liège,4877,4877,Liège,Liège,4877,4877
717,691,0.05078906010985,643521.308202499,748583.889778891,636761.744918768,712792.451955993,0.09829606010985,0.047507,2020.18418395628,2020.23497301639,4753000,Liège,Liège,4877,4520,Liège,Liège,4877,4520
717,690,0.06171806010985,643521.308202499,748583.889778891,642634.738812246,733446.86342689,0.10922506010985,0.047507,2020.18418395628,2020.24590201639,4753000,Liège,Liège,4877,4102,Liège,Liège,4877,4102
718,719,0.000357000000000024,644600.538950173,750610.233889217,643379.999286285,748708.784176125,0.018467,0.01811,2020.15478695628,2020.15514395628,4753000,Liège,Liège,4652,4877,Liège,Liège,4652,4877
718,720,0.000357000000000024,644600.538950173,750610.233889217,643379.999286285,748708.784176125,0.018467,0.01811,2020.15478695628,2020.15514395628,4753000,Liège,Liège,4652,4877,Liège,Liège,4652,4877
719,693,0.10988406010985,643379.999286285,748708.784176125,622284.957991487,741990.664302101,0.12835106010985,0.018467,2020.15514395628,2020.26502801639,4753000,Liège,Liège,4877,4920,Liège,Liège,4877,4920
719,692,0.19731506010985,643379.999286285,748708.784176125,645880.390551802,737438.170163197,0.21578206010985,0.018467,2020.15514395628,2020.35245901639,4753000,Liège,Liège,4877,4030,Liège,Liège,4877,4030
720,694,0.0197200601098499,643379.999286285,748708.784176125,639359.483242014,724917.661328785,0.03818706010985,0.018467,2020.15514395628,2020.17486401639,4753000,Liège,Liège,4877,4120,Liège,Liège,4877,4120
720,721,0.01029,643379.999286285,748708.784176125,648217.381723493,751461.125901239,0.028757,0.018467,2020.15514395628,2020.16543395628,4753000,Liège,Liège,4877,4651,Liège,Liège,4877,4651
721,722,0.04767,648217.381723493,751461.125901239,647229.678494959,744889.517848369,0.076427,0.028757,2020.16543395628,2020.21310395628,4753000,Liège,Liège,4651,4621,Liège,Liège,4651,4621
721,723,0.00242999999999999,648217.381723493,751461.125901239,648079.938982218,754381.845753474,0.031187,0.028757,2020.16543395628,2020.16786395628,4753000,Liège,Liège,4651,4650,Liège,Liège,4651,4650
722,696,0.0000110601098499419,647229.678494959,744889.517848369,647962.564806274,743068.248258773,0.0764380601098499,0.076427,2020.21310395628,2020.21311501639,4753000,Liège,Liège,4621,4621,Liège,Liège,4621,4621
722,695,0.04099506010985,647229.678494959,744889.517848369,629068.310632293,733792.527973504,0.11742206010985,0.076427,2020.21310395628,2020.25409901639,4753000,Liège,Liège,4621,4170,Liège,Liège,4621,4170
723,724,0.00234000000000001,648079.938982218,754381.845753474,648357.272977647,756757.401748174,0.033527,0.031187,2020.16786395628,2020.17020395628,4753000,Liège,Liège,4650,4890,Liège,Liège,4650,4890
723,697,0.00700006010984996,648079.938982218,754381.845753474,647871.05411848,754606.706542894,0.03818706010985,0.031187,2020.16786395628,2020.17486401639,4753000,Liège,Liège,4650,4650,Liège,Liège,4650,4650
724,698,0.00192706010984997,648357.272977647,756757.401748174,674513.423806937,684691.393529345,0.03545406010985,0.033527,2020.17020395628,2020.17213101639,4753000,Liège,VlaamsBrabant,4890,3210,Liège,VlaamsBrabant,4890,3210
724,725,0.00232000000000002,648357.272977647,756757.401748174,646692.967314031,751278.418696659,0.035847,0.033527,2020.17020395628,2020.17252395628,4753000,Liège,Liège,4890,4651,Liège,Liège,4890,4651
725,726,0.00231999999999999,646692.967314031,751278.418696659,647069.545996154,753682.972492592,0.038167,0.035847,2020.17252395628,2020.17484395628,4753000,Liège,Liège,4651,4650,Liège,Liège,4651,4650
725,699,0.00234006010984994,646692.967314031,751278.418696659,656922.399447878,707379.098660673,0.03818706010985,0.035847,2020.17252395628,2020.17486401639,4753000,Liège,Limburg,4651,4257,Liège,Limburg,4651,4257
726,727,0.02625,647069.545996154,753682.972492592,630649.189878395,699234.483889756,0.064417,0.038167,2020.17484395628,2020.20109395628,4753000,Liège,Namur,4650,5300,Liège,Namur,4650,5300
726,700,0.0000200601098499509,647069.545996154,753682.972492592,647083.040686005,753704.063274774,0.03818706010985,0.038167,2020.17484395628,2020.17486401639,4753000,Liège,Liège,4650,4650,Liège,Liège,4650,4650
727,728,0.00409999999999999,630649.189878395,699234.483889756,629469.605798818,702069.760294856,0.068517,0.064417,2020.20109395628,2020.20519395628,4753000,Namur,Namur,5300,5300,Namur,Namur,5300,5300
727,701,0.04207606010985,630649.189878395,699234.483889756,630426.858164477,678923.649450113,0.10649306010985,0.064417,2020.20109395628,2020.24317001639,4753000,Namur,Namur,5300,5020,Namur,Namur,5300,5020
728,702,0.00245606010984997,629469.605798818,702069.760294856,629483.10767109,704749.023941823,0.07097306010985,0.068517,2020.20519395628,2020.20765001639,4753000,Namur,Namur,5300,5300,Namur,Namur,5300,5300
728,729,0.00244,629469.605798818,702069.760294856,627332.330286454,689462.600137109,0.070957,0.068517,2020.20519395628,2020.20763395628,4753000,Namur,Namur,5300,5101,Namur,Namur,5300,5101
729,703,0.0000160601098499746,627332.330286454,689462.600137109,650855.832358265,740609.690246221,0.07097306010985,0.070957,2020.20763395628,2020.20765001639,4753000,Namur,Liège,5101,4020,Namur,Liège,5101,4020
729,730,0.03279,627332.330286454,689462.600137109,624746.883054025,684221.344447598,0.103747,0.070957,2020.20763395628,2020.24042395628,4753000,Namur,Namur,5101,5100,Namur,Namur,5101,5100
730,704,0.0000130601098499578,624746.883054025,684221.344447598,624721.770823392,683946.723166627,0.10376006010985,0.103747,2020.24042395628,2020.24043701639,4753000,Namur,Namur,5100,5100,Namur,Namur,5100,5100
730,731,0.00273,624746.883054025,684221.344447598,641192.214160217,728606.396156616,0.106477,0.103747,2020.24042395628,2020.24315395628,4753000,Namur,Liège,5100,4400,Namur,Liège,5100,4400
731,706,0.01094506010985,641192.214160217,728606.396156616,642798.941852777,733301.629775184,0.11742206010985,0.106477,2020.24315395628,2020.25409901639,4753000,Liège,Liège,4400,4102,Liège,Liège,4400,4102
731,705,0.0000160601098499608,641192.214160217,728606.396156616,657035.149515171,709987.752940591,0.10649306010985,0.106477,2020.24315395628,2020.24317001639,4753000,Liège,Liège,4400,4257,Liège,Liège,4400,4257
741,732,0.041053,639338.949304478,739856.269065779,632467.432398683,757661.937591654,0.041053,0,2020.20211639891,2020.24316939891,4753000,Liège,Liège,4052,4900,Liège,Liège,4052,4900
741,742,0.0000670000000000115,639338.949304478,739856.269065779,639888.430309288,740026.071239833,0.0000670000000000115,0,2020.20211639891,2020.20218339891,4753000,Liège,Liège,4052,4052,Liège,Liège,4052,4052
742,743,0.00849,639888.430309288,740026.071239833,637011.93115277,732142.066073272,0.00855700000000001,0.0000670000000000115,2020.20218339891,2020.21067339891,4753000,Liège,Liège,4052,4122,Liège,Liège,4052,4122
742,733,0.00000256830016753806,639888.430309288,740026.071239833,640054.954399577,740044.187241049,0.0000695683001675496,0.0000670000000000115,2020.20218339891,2020.20218596721,4753000,Liège,Liège,4052,4052,Liège,Liège,4052,4052
743,745,0.00244,637011.93115277,732142.066073272,652170.184451129,732733.544465936,0.010997,0.00855700000000001,2020.21067339891,2020.21311339891,4753000,Liège,Liège,4122,4000,Liège,Liège,4122,4000
743,744,0.000519999999999993,637011.93115277,732142.066073272,636766.652071822,731879.821851342,0.009077,0.00855700000000001,2020.21067339891,2020.21119339891,4753000,Liège,Liège,4122,4122,Liège,Liège,4122,4122
744,735,0.0838885683001676,636766.652071822,731879.821851342,629220.216033667,729141.460589888,0.0929655683001676,0.009077,2020.21119339891,2020.29508196721,4753000,Liège,Liège,4122,4163,Liège,Liège,4122,4163
744,734,0.00738556830016754,636766.652071822,731879.821851342,641839.328909205,733051.752307418,0.0164625683001675,0.009077,2020.21119339891,2020.21857896721,4753000,Liège,Liège,4122,4102,Liège,Liège,4122,4102
745,736,0.00000156830016753706,652170.184451129,732733.544465936,652143.844887886,732731.709631364,0.0109985683001675,0.010997,2020.21311339891,2020.21311496721,4753000,Liège,Liège,4000,4000,Liège,Liège,4000,4000
745,746,0.008101,652170.184451129,732733.544465936,645866.113000953,731385.532656359,0.019098,0.010997,2020.21311339891,2020.22121439891,4753000,Liège,Liège,4000,4100,Liège,Liège,4000,4100
746,747,0.019549,645866.113000953,731385.532656359,654472.606738492,726882.614808992,0.038647,0.019098,2020.22121439891,2020.24076339891,4753000,Liège,Liège,4100,4342,Liège,Liège,4100,4342
746,737,0.0000965683001675488,645866.113000953,731385.532656359,645595.126322257,731405.318559448,0.0191945683001676,0.019098,2020.22121439891,2020.22131096721,4753000,Liège,Liège,4100,4100,Liège,Liège,4100,4100
747,748,0.001945,654472.606738492,726882.614808992,655996.849867935,726743.384074122,0.040592,0.038647,2020.24076339891,2020.24270839891,4753000,Liège,Liège,4342,4340,Liège,Liège,4342,4340
747,738,0.00240656830016754,654472.606738492,726882.614808992,652630.338188346,726538.84183942,0.0410535683001675,0.038647,2020.24076339891,2020.24316996721,4753000,Liège,Liège,4342,4342,Liège,Liège,4342,4342
748,740,0.000461568300167539,655996.849867935,726743.384074122,628577.798367287,695496.107037481,0.0410535683001675,0.040592,2020.24270839891,2020.24316996721,4753000,Liège,Namur,4340,5300,Liège,Namur,4340,5300
748,739,0.0113905683001675,655996.849867935,726743.384074122,656936.52387799,725043.504059595,0.0519825683001676,0.040592,2020.24270839891,2020.25409896721,4753000,Liège,Limburg,4340,4340,Liège,Limburg,4340,4340
753,749,0.00000899999999999512,666636.34382677,650777.893230417,675145.751336882,673150.898347533,0.00000899999999999512,0,2020.16119318579,2020.16120218579,4753000,Bruxelles,VlaamsBrabant,1000,3000,Bruxelles,VlaamsBrabant,1000,3000
753,754,0.01366,666636.34382677,650777.893230417,666477.025110504,651165.753373844,0.01366,0,2020.16119318579,2020.17485318579,4753000,Bruxelles,Bruxelles,1000,1000,Bruxelles,Bruxelles,1000,1000
754,750,0.0000104918099098003,666477.025110504,651165.753373844,666654.530680034,651053.553820476,0.0136704918099098,0.01366,2020.17485318579,2020.1748636776,4753000,Bruxelles,Bruxelles,1000,1050,Bruxelles,Bruxelles,1000,1050
754,755,0.05737,666477.025110504,651165.753373844,618028.274337979,660608.703457014,0.07103,0.01366,2020.17485318579,2020.23222318579,4753000,Bruxelles,Hainaut,1000,6200,Bruxelles,Hainaut,1000,6200
755,751,0.0000174918099098004,618028.274337979,660608.703457014,617895.120952968,662548.652639354,0.0710474918099098,0.07103,2020.23222318579,2020.2322406776,4753000,Hainaut,Hainaut,6200,6200,Hainaut,Hainaut,6200,6200
755,752,0.0027494918099098,618028.274337979,660608.703457014,620864.117122837,658364.088003937,0.0737794918099098,0.07103,2020.23222318579,2020.2349726776,4753000,Hainaut,Hainaut,6200,6061,Hainaut,Hainaut,6200,6061
759,756,0.0000109999999999971,666480.698513116,651107.144458674,666654.530680034,651053.553820476,0.0000109999999999971,0,2020.17485238798,2020.17486338798,4753000,Bruxelles,Bruxelles,1050,1050,Bruxelles,Bruxelles,1050,1050
759,760,0.05737,666480.698513116,651107.144458674,618291.277715568,662460.449597673,0.05737,0,2020.17485238798,2020.23222238798,4753000,Bruxelles,Hainaut,1050,6200,Bruxelles,Hainaut,1050,6200
760,757,0.0000182896199588667,618291.277715568,662460.449597673,617895.120952968,662548.652639354,0.0573882896199589,0.05737,2020.23222238798,2020.2322406776,4753000,Hainaut,Hainaut,6200,6200,Hainaut,Hainaut,6200,6200
760,758,0.00275028961995887,618291.277715568,662460.449597673,620864.117122837,658364.088003937,0.0601202896199589,0.05737,2020.23222238798,2020.2349726776,4753000,Hainaut,Hainaut,6200,6061,Hainaut,Hainaut,6200,6061
766,761,0.000100000000000003,655524.52786423,604947.928653242,655448.378817965,603314.019748336,0.000100000000000003,0,2020.18569234973,2020.18579234973,4753000,Hainaut,Hainaut,7890,7890,Hainaut,Hainaut,7890,7890
766,767,0.0000910000000000008,655524.52786423,604947.928653242,655449.419383922,605219.454887623,0.0000910000000000008,0,2020.18569234973,2020.18578334973,4753000,Hainaut,Hainaut,7890,7890,Hainaut,Hainaut,7890,7890
767,768,0.02703,655449.419383922,605219.454887623,650756.21204466,627723.828254466,0.027121,0.0000910000000000008,2020.18578334973,2020.21281334973,4753000,Hainaut,Hainaut,7890,7830,Hainaut,Hainaut,7890,7830
767,769,0.04098,655449.419383922,605219.454887623,642868.817989213,627119.790350689,0.041071,0.0000910000000000008,2020.18578334973,2020.22676334973,4753000,Hainaut,Hainaut,7890,7060,Hainaut,Hainaut,7890,7060
768,762,0.0139628087400222,650756.21204466,627723.828254466,650595.203176267,627905.139330652,0.0410838087400222,0.027121,2020.21281334973,2020.22677615847,4753000,Hainaut,Hainaut,7830,7830,Hainaut,Hainaut,7830,7830
768,763,0.0166948087400222,650756.21204466,627723.828254466,672237.206252723,685806.072788257,0.0438158087400222,0.027121,2020.21281334973,2020.22950815847,4753000,Hainaut,VlaamsBrabant,7830,3370,Hainaut,VlaamsBrabant,7830,3370
769,764,0.0000128087400221993,642868.817989213,627119.790350689,642869.616480675,627093.998248415,0.0410838087400222,0.041071,2020.22676334973,2020.22677615847,4753000,Hainaut,Hainaut,7060,7060,Hainaut,Hainaut,7060,7060
769,765,0.0136738087400222,642868.817989213,627119.790350689,644363.391907129,611800.553446399,0.0547448087400222,0.041071,2020.22676334973,2020.24043715847,4753000,Hainaut,Hainaut,7060,7941,Hainaut,Hainaut,7060,7941
