node1,node2,length,startLat,startLon,endLat,endLon,endNodeL,startNodeL,startYear,endYear,treeID,startProvince,endProvince,startCommune,endCommune,startProvince,endProvince,startCommune,endCommune
15,1,0.000381000000000006,631037.799279729,784307.070500477,633594.635219964,783592.583915909,0.000381000000000006,0,2020.22366271585,2020.22404371585,2602000,Liège,Liège,4750,4750,Liège,Liège,4750,4750
15,16,0.000359999999999999,631037.799279729,784307.070500477,632044.3800914,783595.941058262,0.000359999999999999,0,2020.22366271585,2020.22402271585,2602000,Liège,Liège,4750,4750,Liège,Liège,4750,4750
16,17,0.05209,632044.3800914,783595.941058262,628696.755423473,785366.092967417,0.05245,0.000359999999999999,2020.22402271585,2020.27611271585,2602000,Liège,Liège,4750,4761,Liège,Liège,4750,4761
16,18,0.00784,632044.3800914,783595.941058262,640091.523625544,784779.522294705,0.0082,0.000359999999999999,2020.22402271585,2020.23186271585,2602000,Liège,NA,4750,NA,Liège,NA,4750,NA
17,2,0.0326304535500016,628696.755423473,785366.092967417,642004.279437344,776063.346164795,0.0850804535500016,0.05245,2020.27611271585,2020.3087431694,2602000,Liège,Liège,4761,4700,Liège,Liège,4761,4700
17,3,0.0162374535500016,628696.755423473,785366.092967417,643955.040848366,776959.006924124,0.0686874535500016,0.05245,2020.27611271585,2020.2923501694,2602000,Liège,Liège,4761,4700,Liège,Liège,4761,4700
18,4,0.0768804535500016,640091.523625544,784779.522294705,645727.449992765,783006.262035757,0.0850804535500016,0.0082,2020.23186271585,2020.3087431694,2602000,NA,Liège,NA,4700,NA,Liège,NA,4700
18,19,0.02251,640091.523625544,784779.522294705,648939.905333131,776360.296269138,0.03071,0.0082,2020.23186271585,2020.25437271585,2602000,NA,Liège,NA,4730,NA,Liège,NA,4730
19,20,0.00244,648939.905333131,776360.296269138,659640.166862369,766065.849965843,0.03315,0.03071,2020.25437271585,2020.25681271585,2602000,Liège,Liège,4730,4720,Liège,Liège,4730,4720
19,21,0.00273,648939.905333131,776360.296269138,649010.820902352,776219.442823947,0.03344,0.03071,2020.25437271585,2020.25710271585,2602000,Liège,Liège,4730,4730,Liège,Liège,4730,4730
20,5,0.0000184535500016361,659640.166862369,766065.849965843,657012.79581117,765314.036763368,0.0331684535500016,0.03315,2020.25681271585,2020.2568311694,2602000,Liège,Liège,4720,4720,Liège,Liège,4720,4720
20,6,0.0000184535500016361,659640.166862369,766065.849965843,659721.667105112,766007.327830952,0.0331684535500016,0.03315,2020.25681271585,2020.2568311694,2602000,Liège,Liège,4720,4720,Liège,Liège,4720,4720
21,22,0.00244,649010.820902352,776219.442823947,659640.166862369,766065.849965843,0.03588,0.03344,2020.25710271585,2020.25954271585,2602000,Liège,Liège,4730,4720,Liège,Liège,4730,4720
21,7,0.00246045355000164,649010.820902352,776219.442823947,659898.132876325,767912.368129012,0.0359004535500016,0.03344,2020.25710271585,2020.2595631694,2602000,Liège,NA,4730,4721,Liège,NA,4730,4721
22,8,0.0000204535500016381,659640.166862369,766065.849965843,621391.079976291,788523.748538198,0.0359004535500016,0.03588,2020.25954271585,2020.2595631694,2602000,Liège,Liège,4720,4760,Liège,Liège,4720,4760
22,23,0.03279,659640.166862369,766065.849965843,643777.451111562,777939.854771088,0.06867,0.03588,2020.25954271585,2020.29233271585,2602000,Liège,Liège,4720,4700,Liège,Liège,4720,4700
23,9,0.0000174535500016421,643777.451111562,777939.854771088,644602.295578747,778648.891159856,0.0686874535500016,0.06867,2020.29233271585,2020.2923501694,2602000,Liège,Liège,4700,4700,Liège,Liège,4700,4700
23,24,0.01164,643777.451111562,777939.854771088,642228.163111075,777767.810041242,0.08031,0.06867,2020.29233271585,2020.30397271585,2602000,Liège,Liège,4700,4700,Liège,Liège,4700,4700
24,25,0.00231000000000001,642228.163111075,777767.810041242,658083.540698038,766707.322662057,0.08262,0.08031,2020.30397271585,2020.30628271585,2602000,Liège,Liège,4700,4721,Liège,Liège,4700,4721
24,10,0.00477045355000164,642228.163111075,777767.810041242,646907.942200398,762960.499727477,0.0850804535500016,0.08031,2020.30397271585,2020.3087431694,2602000,Liège,Liège,4700,4837,Liège,Liège,4700,4837
25,26,0.00244,658083.540698038,766707.322662057,659640.166862369,766065.849965843,0.08506,0.08262,2020.30628271585,2020.30872271585,2602000,Liège,Liège,4721,4720,Liège,Liège,4721,4720
25,27,0.00244,658083.540698038,766707.322662057,659640.166862369,766065.849965843,0.08506,0.08262,2020.30628271585,2020.30872271585,2602000,Liège,Liège,4721,4720,Liège,Liège,4721,4720
26,12,0.0000204535500016451,659640.166862369,766065.849965843,656864.291915067,765324.685370526,0.0850804535500016,0.08506,2020.30872271585,2020.3087431694,2602000,Liège,Liège,4720,4720,Liège,Liège,4720,4720
26,11,0.0000204535500016451,659640.166862369,766065.849965843,616567.188939974,790410.616604529,0.0850804535500016,0.08506,2020.30872271585,2020.3087431694,2602000,Liège,Liège,4720,4760,Liège,Liège,4720,4760
27,13,0.0000204535500016451,659640.166862369,766065.849965843,658631.237906772,765994.897038398,0.0850804535500016,0.08506,2020.30872271585,2020.3087431694,2602000,Liège,Liège,4720,4720,Liège,Liège,4720,4720
27,14,0.0000204535500016451,659640.166862369,766065.849965843,658531.374114447,765757.544950512,0.0850804535500016,0.08506,2020.30872271585,2020.3087431694,2602000,Liège,Liège,4720,4720,Liège,Liège,4720,4720
36,28,0.0000219999999999942,638704.74047442,770577.494288874,638342.365206904,770787.908618678,0.0000219999999999942,0,2020.16391242623,2020.16393442623,2602000,Liège,Liège,4837,4837,Liège,Liège,4837,4837
36,37,0.00849,638704.74047442,770577.494288874,647990.85062563,756201.475000814,0.00849,0,2020.16391242623,2020.17240242623,2602000,Liège,Liège,4837,4890,Liège,Liège,4837,4890
37,38,0.00244,647990.85062563,756201.475000814,643941.831711354,760710.674575358,0.01093,0.00849,2020.17240242623,2020.17484242623,2602000,Liège,Liège,4890,4830,Liège,Liège,4890,4830
37,39,0.01337,647990.85062563,756201.475000814,650694.563020989,743867.226924708,0.02186,0.00849,2020.17240242623,2020.18577242623,2602000,Liège,Liège,4890,4630,Liège,Liège,4890,4630
38,29,0.00275289617003015,643941.831711354,760710.674575358,653499.721368531,760313.572091665,0.0136828961700301,0.01093,2020.17484242623,2020.1775953224,2602000,Liège,Liège,4830,4841,Liège,Liège,4830,4841
38,30,0.0000208961700301491,643941.831711354,760710.674575358,644328.116767948,760083.212471651,0.0109508961700301,0.01093,2020.17484242623,2020.1748633224,2602000,Liège,Liège,4830,4830,Liège,Liège,4830,4830
39,31,0.0000198961700301342,650694.563020989,743867.226924708,650777.196483673,743982.01764556,0.0218798961700301,0.02186,2020.18577242623,2020.1857923224,2602000,Liège,Liège,4630,4671,Liège,Liège,4630,4671
39,40,0.01122,650694.563020989,743867.226924708,642554.741885645,762247.421578579,0.03308,0.02186,2020.18577242623,2020.19699242623,2602000,Liège,Liège,4630,4834,Liège,Liège,4630,4834
40,41,0.00244,642554.741885645,762247.421578579,643941.831711354,760710.674575358,0.03552,0.03308,2020.19699242623,2020.19943242623,2602000,Liège,Liège,4834,4830,Liège,Liège,4834,4830
40,42,0.00832,642554.741885645,762247.421578579,624417.46110196,786082.210773993,0.0414,0.03308,2020.19699242623,2020.20531242623,2602000,Liège,Liège,4834,4760,Liège,Liège,4834,4760
41,33,0.0000208961700301491,643941.831711354,760710.674575358,661283.761418774,754693.907387243,0.0355408961700301,0.03552,2020.19943242623,2020.1994533224,2602000,Liège,Limburg,4830,3793,Liège,Limburg,4830,3793
41,32,0.0000208961700301491,643941.831711354,760710.674575358,643303.267765298,771679.734280998,0.0355408961700301,0.03552,2020.19943242623,2020.1994533224,2602000,Liège,Liège,4830,4837,Liège,Liège,4830,4837
42,34,0.00233689617003014,624417.46110196,786082.210773993,611789.585609064,781623.756248252,0.0437368961700301,0.0414,2020.20531242623,2020.2076493224,2602000,Liège,Liège,4760,4770,Liège,Liège,4760,4770
42,35,0.0597148961700301,624417.46110196,786082.210773993,650002.13291104,732988.073192809,0.10111489617003,0.0414,2020.20531242623,2020.2650273224,2602000,Liège,Liège,4760,4430,Liège,Liège,4760,4430
47,48,0.00244,661376.708722861,753984.340147779,661335.136198603,754649.234810844,0.00244,0,2020.19699255191,2020.19943255191,2602000,Limburg,Limburg,3790,3793,Limburg,Limburg,3790,3793
47,49,0.00832,661376.708722861,753984.340147779,612104.637185203,781468.050943294,0.00832,0,2020.19699255191,2020.20531255191,2602000,Limburg,Liège,3790,4770,Limburg,Liège,3790,4770
48,43,0.0000210000000000071,661335.136198603,754649.234810844,643303.267765298,771679.734280998,0.002461,0.00244,2020.19943255191,2020.19945355191,2602000,Limburg,Liège,3793,4837,Limburg,Liège,3793,4837
48,44,0.0000207704901184907,661335.136198603,754649.234810844,661283.761418774,754693.907387243,0.00246077049011849,0.00244,2020.19943255191,2020.1994533224,2602000,Limburg,Limburg,3793,3793,Limburg,Limburg,3793,3793
49,45,0.00233677049011848,612104.637185203,781468.050943294,611789.585609064,781623.756248252,0.0106567704901185,0.00832,2020.20531255191,2020.2076493224,2602000,Liège,Liège,4770,4770,Liège,Liège,4770,4770
49,46,0.0597147704901185,612104.637185203,781468.050943294,650002.13291104,732988.073192809,0.0680347704901185,0.00832,2020.20531255191,2020.2650273224,2602000,Liège,Liège,4770,4430,Liège,Liège,4770,4430
53,50,0.021763,643984.301916529,737982.820217562,644107.601292089,737707.589729516,0.021763,0,2020.18042279235,2020.20218579235,2602000,Liège,Liège,4053,4053,Liège,Liège,4053,4053
53,54,0.019,643984.301916529,737982.820217562,645478.109793972,732834.072541381,0.019,0,2020.18042279235,2020.19942279235,2602000,Liège,Liège,4053,4000,Liège,Liège,4053,4000
54,51,0.0546755683099446,645478.109793972,732834.072541381,635868.408763382,733214.531552291,0.0736755683099446,0.019,2020.19942279235,2020.25409836066,2602000,Liège,Liège,4000,4130,Liège,Liège,4000,4130
54,52,0.0000305683099446133,645478.109793972,732834.072541381,645496.130779693,732833.298234528,0.0190305683099446,0.019,2020.19942279235,2020.19945336066,2602000,Liège,Liège,4000,4000,Liège,Liège,4000,4000
66,55,0.120062,643651.374303279,660587.020833873,632252.022263812,637859.19502108,0.120062,0,2020.0930527541,2020.2131147541,13010000,BrabantWallon,Hainaut,1490,7100,BrabantWallon,Hainaut,1490,7100
66,67,0.044023,643651.374303279,660587.020833873,653337.65789641,740285.033564502,0.044023,0,2020.0930527541,2020.1370757541,13010000,BrabantWallon,Liège,1490,4040,BrabantWallon,Liège,1490,4040
67,68,0.04318,653337.65789641,740285.033564502,655729.497687895,737259.984402837,0.087203,0.044023,2020.1370757541,2020.1802557541,13010000,Liège,Liège,4040,4680,Liège,Liège,4040,4680
67,70,0.000527,653337.65789641,740285.033564502,654035.082545104,742381.079490045,0.04455,0.044023,2020.1370757541,2020.1376027541,13010000,Liège,Liège,4040,4602,Liège,Liège,4040,4602
68,56,0.0000710491801042129,655729.497687895,737259.984402837,657591.771917594,736895.282383552,0.0872740491801042,0.087203,2020.1802557541,2020.18032680328,13010000,Liège,Liège,4680,4680,Liège,Liège,4680,4680
68,69,0.0000359999999999944,655729.497687895,737259.984402837,655794.463292058,737357.756772601,0.087239,0.087203,2020.1802557541,2020.1802917541,13010000,Liège,Liège,4680,4680,Liège,Liège,4680,4680
69,57,0.0000350491801042047,655794.463292058,737357.756772601,646101.216989852,738014.360673969,0.0872740491801042,0.087239,2020.1802917541,2020.18032680328,13010000,Liège,Liège,4680,4030,Liège,Liège,4680,4030
69,58,0.0000350491801042047,655794.463292058,737357.756772601,655987.805244944,737610.368292887,0.0872740491801042,0.087239,2020.1802917541,2020.18032680328,13010000,Liège,Liège,4680,4680,Liège,Liège,4680,4680
70,59,0.108299049180104,654035.082545104,742381.079490045,645175.440375378,738423.533533618,0.152849049180104,0.04455,2020.1376027541,2020.24590180328,13010000,Liège,Liège,4602,4032,Liège,Liège,4602,4032
70,71,0.04437,654035.082545104,742381.079490045,664270.463914517,749120.571520335,0.08892,0.04455,2020.1376027541,2020.1819727541,13010000,Liège,Limburg,4602,3798,Liège,Limburg,4602,3798
71,72,0.00342000000000001,664270.463914517,749120.571520335,650923.054405158,678565.779724089,0.09234,0.08892,2020.1819727541,2020.1853927541,13010000,Limburg,BrabantWallon,3798,1360,Limburg,BrabantWallon,3798,1360
71,60,0.0420710491801042,664270.463914517,749120.571520335,648722.063035101,771291.016031757,0.130991049180104,0.08892,2020.1819727541,2020.22404380328,13010000,Limburg,Liège,3798,4700,Limburg,Liège,3798,4700
72,61,0.0850990491801042,650923.054405158,678565.779724089,619509.321845003,661893.90824983,0.177439049180104,0.09234,2020.1853927541,2020.27049180328,13010000,BrabantWallon,Hainaut,1360,6200,BrabantWallon,Hainaut,1360,6200
72,73,0.000390000000000001,650923.054405158,678565.779724089,651840.077179429,678409.221432094,0.09273,0.09234,2020.1853927541,2020.1857827541,13010000,BrabantWallon,BrabantWallon,1360,1315,BrabantWallon,BrabantWallon,1360,1315
73,74,0.00437,651840.077179429,678409.221432094,643598.058872567,667901.719613552,0.0971,0.09273,2020.1857827541,2020.1901527541,13010000,BrabantWallon,BrabantWallon,1315,1450,BrabantWallon,BrabantWallon,1315,1450
73,62,0.0409930491801042,651840.077179429,678409.221432094,673235.654067548,645109.954755827,0.133723049180104,0.09273,2020.1857827541,2020.22677580328,13010000,BrabantWallon,Bruxelles,1315,1082,BrabantWallon,Bruxelles,1315,1082
74,63,0.0420880491801042,643598.058872567,667901.719613552,631662.248602259,658290.557716334,0.139188049180104,0.0971,2020.1901527541,2020.23224080328,13010000,BrabantWallon,Hainaut,1450,6211,BrabantWallon,Hainaut,1450,6211
74,75,0.03659,643598.058872567,667901.719613552,640428.106345816,649642.8131305,0.13369,0.0971,2020.1901527541,2020.2267427541,13010000,BrabantWallon,BrabantWallon,1450,1402,BrabantWallon,BrabantWallon,1450,1402
75,65,0.0191590491801042,640428.106345816,649642.8131305,635215.846043767,651491.117361354,0.152849049180104,0.13369,2020.2267427541,2020.24590180328,13010000,BrabantWallon,Hainaut,1402,6230,BrabantWallon,Hainaut,1402,6230
75,64,0.0000330491801042165,640428.106345816,649642.8131305,670101.109616007,698047.89762907,0.133723049180104,0.13369,2020.2267427541,2020.22677580328,13010000,BrabantWallon,VlaamsBrabant,1402,3350,BrabantWallon,VlaamsBrabant,1402,3350
80,76,0.054103,710660.371547295,706161.605740835,721280.27614978,672102.46313337,0.054103,0,2020.18906639891,2020.24316939891,2602000,Antwerpen,Antwerpen,2400,2390,Antwerpen,Antwerpen,2400,2390
80,81,0.0000980000000000009,710660.371547295,706161.605740835,710651.801919759,706166.428146856,0.0000980000000000009,0,2020.18906639891,2020.18916439891,2602000,Antwerpen,Antwerpen,2400,2400,Antwerpen,Antwerpen,2400,2400
81,77,0.032147,710651.801919759,706166.428146856,710692.072436232,706114.552496834,0.032245,0.0000980000000000009,2020.18916439891,2020.22131139891,2602000,Antwerpen,Antwerpen,2400,2400,Antwerpen,Antwerpen,2400,2400
81,82,0.000549000000000001,710651.801919759,706166.428146856,682403.715829934,690705.970398419,0.000647000000000002,0.0000980000000000009,2020.18916439891,2020.18971339891,2602000,Antwerpen,VlaamsBrabant,2400,3460,Antwerpen,VlaamsBrabant,2400,3460
82,78,0.039795,682403.715829934,690705.970398419,682460.707861464,690072.960299478,0.040442,0.000647000000000002,2020.18971339891,2020.22950839891,2602000,VlaamsBrabant,VlaamsBrabant,3460,3390,VlaamsBrabant,VlaamsBrabant,3460,3390
82,79,0.050724,682403.715829934,690705.970398419,694438.711141177,708299.528446153,0.051371,0.000647000000000002,2020.18971339891,2020.24043739891,2602000,VlaamsBrabant,Limburg,3460,3583,VlaamsBrabant,Limburg,3460,3583
87,83,0.071835,698216.950499294,698639.488085045,698273.354839221,698609.845446575,0.071835,0,2020.17133439891,2020.24316939891,2602000,Antwerpen,Antwerpen,2430,2430,Antwerpen,Antwerpen,2430,2430
87,88,0.000442999999999999,698216.950499294,698639.488085045,698142.316743048,698588.127930796,0.000442999999999999,0,2020.17133439891,2020.17177739891,2602000,Antwerpen,Antwerpen,2430,2430,Antwerpen,Antwerpen,2430,2430
88,84,0.065928,698142.316743048,698588.127930796,714257.812322577,721415.178959928,0.066371,0.000442999999999999,2020.17177739891,2020.23770539891,2602000,Antwerpen,Limburg,2430,3900,Antwerpen,Limburg,2430,3900
88,89,0.000255000000000005,698142.316743048,698588.127930796,681121.551249655,649604.108279802,0.000698000000000004,0.000442999999999999,2020.17177739891,2020.17203239891,2602000,Antwerpen,VlaamsBrabant,2430,1850,Antwerpen,VlaamsBrabant,2430,1850
89,85,0.057475,681121.551249655,649604.108279802,682760.32949797,652969.524646665,0.058173,0.000698000000000004,2020.17203239891,2020.22950739891,2602000,VlaamsBrabant,VlaamsBrabant,1850,1850,VlaamsBrabant,VlaamsBrabant,1850,1850
89,86,0.071137,681121.551249655,649604.108279802,718395.810602827,674852.613167297,0.071835,0.000698000000000004,2020.17203239891,2020.24316939891,2602000,VlaamsBrabant,Antwerpen,1850,2980,VlaamsBrabant,Antwerpen,1850,2980
95,96,0.00244,677070.200809128,673145.008339407,666053.536089645,667649.643974541,0.00244,0,2020.22156271585,2020.22400271585,13010000,VlaamsBrabant,VlaamsBrabant,3012,3040,VlaamsBrabant,VlaamsBrabant,3012,3040
95,97,0.00546,677070.200809128,673145.008339407,676670.957322408,672854.870243944,0.00546,0,2020.22156271585,2020.22702271585,13010000,VlaamsBrabant,VlaamsBrabant,3012,3012,VlaamsBrabant,VlaamsBrabant,3012,3012
96,90,0.0000409999999999994,666053.536089645,667649.643974541,705046.906303553,648572.717890105,0.002481,0.00244,2020.22400271585,2020.22404371585,13010000,VlaamsBrabant,Antwerpen,3040,2620,VlaamsBrabant,Antwerpen,3040,2620
96,91,0.00277268305988316,666053.536089645,667649.643974541,665975.562516932,661043.249116965,0.00521268305988316,0.00244,2020.22400271585,2020.22677539891,13010000,VlaamsBrabant,VlaamsBrabant,3040,3080,VlaamsBrabant,VlaamsBrabant,3040,3080
97,92,0.00248468305988316,676670.957322408,672854.870243944,692747.617948766,686128.305070733,0.00794468305988316,0.00546,2020.22702271585,2020.22950739891,13010000,VlaamsBrabant,Antwerpen,3012,2230,VlaamsBrabant,Antwerpen,3012,2230
97,98,0.01337,676670.957322408,672854.870243944,676795.075076221,673613.283796132,0.01883,0.00546,2020.22702271585,2020.24039271585,13010000,VlaamsBrabant,VlaamsBrabant,3012,3012,VlaamsBrabant,VlaamsBrabant,3012,3012
98,93,0.00277668305988316,676795.075076221,673613.283796132,712666.037269849,662439.682957455,0.0216066830598832,0.01883,2020.24039271585,2020.24316939891,13010000,VlaamsBrabant,Antwerpen,3012,2110,VlaamsBrabant,Antwerpen,3012,2110
98,94,0.0000436830598831567,676795.075076221,673613.283796132,676909.563494759,673541.779546036,0.0188736830598832,0.01883,2020.24039271585,2020.24043639891,13010000,VlaamsBrabant,VlaamsBrabant,3012,3012,VlaamsBrabant,VlaamsBrabant,3012,3012
103,99,0.082848,664554.373707973,767216.765292851,645475.805167229,722068.605987602,0.082848,0,2020.17398260109,2020.25683060109,2602000,NA,Liège,NA,4460,NA,Liège,NA,4460
103,104,0.03203,664554.373707973,767216.765292851,657913.818062556,759076.386402274,0.03203,0,2020.17398260109,2020.20601260109,2602000,NA,Liège,NA,4852,NA,Liège,NA,4852
104,100,0.0180307213100143,657913.818062556,759076.386402274,658082.876653976,759267.291260263,0.0500607213100143,0.03203,2020.20601260109,2020.2240433224,2602000,Liège,Liège,4852,4852,Liège,Liège,4852,4852
104,105,0.01695,657913.818062556,759076.386402274,642172.074645839,738929.910202457,0.04898,0.03203,2020.20601260109,2020.22296260109,2602000,Liège,Liège,4852,4050,Liège,Liège,4852,4050
105,101,0.0420647213100143,642172.074645839,738929.910202457,654414.060446384,742463.772057467,0.0910447213100143,0.04898,2020.22296260109,2020.2650273224,2602000,Liège,Liège,4050,4602,Liège,Liège,4050,4602
105,102,0.0311357213100143,642172.074645839,738929.910202457,642194.815864786,738952.547159649,0.0801157213100143,0.04898,2020.22296260109,2020.2540983224,2602000,Liège,Liège,4050,4050,Liège,Liège,4050,4050
111,106,0.022639,647240.971922341,737751.538888486,642810.179117121,737004.216225384,0.022639,0,2020.19867247541,2020.22131147541,2602000,Liège,Liège,4030,4053,Liège,Liège,4030,4053
111,112,0.019765,647240.971922341,737751.538888486,647724.56191026,737131.325562899,0.019765,0,2020.19867247541,2020.21843747541,2602000,Liège,Liège,4030,4030,Liège,Liège,4030,4030
112,113,0.000125,647724.56191026,737131.325562899,647741.867207011,737120.569709901,0.01989,0.019765,2020.21843747541,2020.21856247541,2602000,Liège,Liège,4030,4030,Liège,Liège,4030,4030
112,114,0.000125,647724.56191026,737131.325562899,647741.867207011,737120.569709901,0.01989,0.019765,2020.21843747541,2020.21856247541,2602000,Liège,Liège,4030,4030,Liège,Liège,4030,4030
113,107,0.0246073661199937,647741.867207011,737120.569709901,648231.883716538,742679.81270325,0.0444973661199937,0.01989,2020.21856247541,2020.24316984153,2602000,Liège,Liège,4030,4610,Liège,Liège,4030,4610
113,108,0.0246073661199937,647741.867207011,737120.569709901,643827.755001683,721663.707075135,0.0444973661199937,0.01989,2020.21856247541,2020.24316984153,2602000,Liège,Liège,4030,4470,Liège,Liège,4030,4470
114,109,0.0000163661199936854,647741.867207011,737120.569709901,647796.76862743,737138.109501098,0.0199063661199937,0.01989,2020.21856247541,2020.21857884153,2602000,Liège,Liège,4030,4020,Liège,Liège,4030,4020
114,110,0.0410003661199937,647741.867207011,737120.569709901,652301.174790691,733161.461185178,0.0608903661199937,0.01989,2020.21856247541,2020.25956284153,2602000,Liège,Liège,4030,4000,Liège,Liège,4030,4000
118,115,0.0000150000000000011,643212.406015942,572939.205566029,643208.331351776,572947.73524852,0.0000150000000000011,0,2020.22949319672,2020.22950819672,2602000,Hainaut,Hainaut,7522,7522,Hainaut,Hainaut,7522,7522
118,119,0.03825,643212.406015942,572939.205566029,636158.074603234,595873.389896002,0.03825,0,2020.22949319672,2020.26774319672,2602000,Hainaut,Hainaut,7522,7601,Hainaut,Hainaut,7522,7601
119,116,0.0000163661199936924,636158.074603234,595873.389896002,636604.286342663,600726.7701768,0.0382663661199937,0.03825,2020.26774319672,2020.26775956284,2602000,Hainaut,Hainaut,7601,7971,Hainaut,Hainaut,7601,7971
119,117,0.0000163661199936924,636158.074603234,595873.389896002,636159.356238246,595883.421515817,0.0382663661199937,0.03825,2020.26774319672,2020.26775956284,2602000,Hainaut,Hainaut,7601,7601,Hainaut,Hainaut,7601,7601
144,154,0.000305,634982.195155918,637774.912335465,635004.786511332,637717.317715162,0.000305,0,2020.15059719672,2020.15090219672,2602000,Hainaut,Hainaut,7181,7181,Hainaut,Hainaut,7181,7181
144,145,0.032644,634982.195155918,637774.912335465,644750.884006701,650151.174088944,0.032644,0,2020.15059719672,2020.18324119672,2602000,Hainaut,BrabantWallon,7181,1401,Hainaut,BrabantWallon,7181,1401
145,146,0.000679999999999986,644750.884006701,650151.174088944,645870.018840178,651157.546787444,0.033324,0.032644,2020.18324119672,2020.18392119672,2602000,BrabantWallon,BrabantWallon,1401,1401,BrabantWallon,BrabantWallon,1401,1401
145,148,0.00110099999999999,644750.884006701,650151.174088944,644988.429507183,650650.806481561,0.033745,0.032644,2020.18324119672,2020.18434219672,2602000,BrabantWallon,BrabantWallon,1401,1401,BrabantWallon,BrabantWallon,1401,1401
146,120,0.045587,645870.018840178,651157.546787444,645213.27837536,660472.799401023,0.078911,0.033324,2020.18392119672,2020.22950819672,2602000,BrabantWallon,BrabantWallon,1401,1470,BrabantWallon,BrabantWallon,1401,1470
146,147,0.081091,645870.018840178,651157.546787444,646012.764909976,761209.443746943,0.114415,0.033324,2020.18392119672,2020.26501219672,2602000,BrabantWallon,Liège,1401,4830,BrabantWallon,Liège,1401,4830
147,122,0.0000157704901184857,646012.764909976,761209.443746943,660347.033518613,751230.843956215,0.114430770490118,0.114415,2020.26501219672,2020.26502796721,2602000,Liège,Limburg,4830,3790,Liège,Limburg,4830,3790
147,121,0.0000157704901184857,646012.764909976,761209.443746943,646018.944880149,761202.136617707,0.114430770490118,0.114415,2020.26501219672,2020.26502796721,2602000,Liège,Liège,4830,4830,Liège,Liège,4830,4830
148,151,0.00788,644988.429507183,650650.806481561,644782.659451816,646893.952813043,0.041625,0.033745,2020.18434219672,2020.19222219672,2602000,BrabantWallon,BrabantWallon,1401,1400,BrabantWallon,BrabantWallon,1401,1400
148,149,0.02822,644988.429507183,650650.806481561,625019.225338122,659119.682839858,0.061965,0.033745,2020.18434219672,2020.21256219672,2602000,BrabantWallon,Hainaut,1401,6060,BrabantWallon,Hainaut,1401,6060
149,123,0.0169457704901185,625019.225338122,659119.682839858,620882.147130081,659195.08116962,0.0789107704901185,0.061965,2020.21256219672,2020.22950796721,2602000,Hainaut,Hainaut,6060,6061,Hainaut,Hainaut,6060,6061
149,150,0.0142,625019.225338122,659119.682839858,627294.337850102,654998.826408497,0.076165,0.061965,2020.21256219672,2020.22676219672,2602000,Hainaut,Hainaut,6060,6041,Hainaut,Hainaut,6060,6041
150,124,0.0000137704901184837,627294.337850102,654998.826408497,626602.093001581,655167.334328875,0.0761787704901185,0.076165,2020.22676219672,2020.22677596721,2602000,Hainaut,Hainaut,6041,6040,Hainaut,Hainaut,6041,6040
150,125,0.0000137704901184837,627294.337850102,654998.826408497,638828.448737194,604839.961196904,0.0761787704901185,0.076165,2020.22676219672,2020.22677596721,2602000,Hainaut,Hainaut,6041,7950,Hainaut,Hainaut,6041,7950
151,126,0.0427507704901185,644782.659451816,646893.952813043,639718.972304918,630017.612253304,0.0843757704901185,0.041625,2020.19222219672,2020.23497296721,2602000,BrabantWallon,Hainaut,1400,7060,BrabantWallon,Hainaut,1400,7060
151,152,0.00381000000000001,644782.659451816,646893.952813043,649704.410285305,654518.372895857,0.045435,0.041625,2020.19222219672,2020.19603219672,2602000,BrabantWallon,BrabantWallon,1400,1380,BrabantWallon,BrabantWallon,1400,1380
152,127,0.0416727704901185,649704.410285305,654518.372895857,676821.442910345,648118.698939596,0.0871077704901185,0.045435,2020.19603219672,2020.23770496721,2602000,BrabantWallon,VlaamsBrabant,1380,1020,BrabantWallon,VlaamsBrabant,1380,1020
152,153,0.02799,649704.410285305,654518.372895857,657423.445512086,652565.329409008,0.073425,0.045435,2020.19603219672,2020.22402219672,2602000,BrabantWallon,BrabantWallon,1380,1410,BrabantWallon,BrabantWallon,1380,1410
153,128,0.0000217704901184779,657423.445512086,652565.329409008,657578.942935312,651680.146940532,0.0734467704901185,0.073425,2020.22402219672,2020.22404396721,2602000,BrabantWallon,BrabantWallon,1410,1410,BrabantWallon,BrabantWallon,1410,1410
153,129,0.00275377049011849,657423.445512086,652565.329409008,635196.628884376,601025.538541939,0.0761787704901185,0.073425,2020.22402219672,2020.22677596721,2602000,BrabantWallon,Hainaut,1410,7972,BrabantWallon,Hainaut,1410,7972
154,155,0.07275,635004.786511332,637717.317715162,653133.49702822,733331.354141885,0.073055,0.000305,2020.15090219672,2020.22365219672,2602000,Hainaut,Liège,7181,4000,Hainaut,Liège,7181,4000
154,159,0.0365,635004.786511332,637717.317715162,662098.464814396,644216.541569374,0.036805,0.000305,2020.15090219672,2020.18740219672,2602000,Hainaut,VlaamsBrabant,7181,1651,Hainaut,VlaamsBrabant,7181,1651
155,130,0.0195177704901185,653133.49702822,733331.354141885,637258.173479425,723190.927667398,0.0925727704901185,0.073055,2020.22365219672,2020.24316996721,2602000,Liège,Liège,4000,4480,Liège,Liège,4000,4480
155,156,0.01951,653133.49702822,733331.354141885,654499.003496885,736814.486629953,0.092565,0.073055,2020.22365219672,2020.24316219672,2602000,Liège,Liège,4000,4041,Liège,Liège,4000,4041
156,131,0.00000777049011847775,654499.003496885,736814.486629953,654591.208326429,736548.859441932,0.0925727704901185,0.092565,2020.24316219672,2020.24316996721,2602000,Liège,Liège,4041,4041,Liège,Liège,4041,4041
156,157,0.00273,654499.003496885,736814.486629953,643604.922250918,752780.986368089,0.095295,0.092565,2020.24316219672,2020.24589219672,2602000,Liège,Liège,4041,4860,Liège,Liège,4041,4860
157,132,0.00000977049011847975,643604.922250918,752780.986368089,644138.341118424,754333.657469331,0.0953047704901185,0.095295,2020.24589219672,2020.24590196721,2602000,Liège,Liège,4860,4800,Liège,Liège,4860,4800
157,158,0.00684,643604.922250918,752780.986368089,643355.728570342,749515.138338,0.102135,0.095295,2020.24589219672,2020.25273219672,2602000,Liège,Liège,4860,4861,Liège,Liège,4860,4861
158,134,0.0423497704901185,643355.728570342,749515.138338,639248.937911436,732228.320292446,0.144484770490118,0.102135,2020.25273219672,2020.29508196721,2602000,Liège,Liège,4861,4100,Liège,Liège,4861,4100
158,133,0.0423497704901185,643355.728570342,749515.138338,643798.614983222,739260.79746163,0.144484770490118,0.102135,2020.25273219672,2020.29508196721,2602000,Liège,Liège,4861,4051,Liège,Liège,4861,4051
159,135,0.0421057704901185,662098.464814396,644216.541569374,669331.86243515,655534.436721049,0.0789107704901185,0.036805,2020.18740219672,2020.22950796721,2602000,VlaamsBrabant,Bruxelles,1651,1150,VlaamsBrabant,Bruxelles,1651,1150
159,160,0.00824,662098.464814396,644216.541569374,661236.829332683,649586.910474209,0.045045,0.036805,2020.18740219672,2020.19564219672,2602000,VlaamsBrabant,VlaamsBrabant,1651,1640,VlaamsBrabant,VlaamsBrabant,1651,1640
160,136,0.0420627704901185,661236.829332683,649586.910474209,620010.041786515,605315.150866802,0.0871077704901185,0.045045,2020.19564219672,2020.23770496721,2602000,VlaamsBrabant,Hainaut,1640,7370,VlaamsBrabant,Hainaut,1640,7370
160,161,0.00956,661236.829332683,649586.910474209,643989.697759984,723444.067515238,0.054605,0.045045,2020.19564219672,2020.20520219672,2602000,VlaamsBrabant,Liège,1640,4400,VlaamsBrabant,Liège,1640,4400
161,137,0.0898797704901185,643989.697759984,723444.067515238,627788.407395898,756147.996083106,0.144484770490118,0.054605,2020.20520219672,2020.29508196721,2602000,Liège,Liège,4400,4900,Liège,Liège,4400,4900
161,162,0.00244,643989.697759984,723444.067515238,643502.362299692,724699.865425062,0.057045,0.054605,2020.20520219672,2020.20764219672,2602000,Liège,Liège,4400,4400,Liège,Liège,4400,4400
162,163,0.01366,643502.362299692,724699.865425062,642440.933258322,736437.57512362,0.070705,0.057045,2020.20764219672,2020.22130219672,2602000,Liège,Liège,4400,4000,Liège,Liège,4400,4000
162,138,0.00000777049011847775,643502.362299692,724699.865425062,643393.001597768,725156.200044067,0.0570527704901185,0.057045,2020.20764219672,2020.20764996721,2602000,Liège,Liège,4400,4400,Liège,Liège,4400,4400
163,139,0.00000977049011847975,642440.933258322,736437.57512362,642505.771597659,736369.952252812,0.0707147704901185,0.070705,2020.22130219672,2020.22131196721,2602000,Liège,Liège,4000,4031,Liège,Liège,4000,4031
163,164,0.0082,642440.933258322,736437.57512362,643009.928994589,731154.078413456,0.078905,0.070705,2020.22130219672,2020.22950219672,2602000,Liège,Liège,4000,4100,Liège,Liège,4000,4100
164,140,0.00000577049011848962,643009.928994589,731154.078413456,619734.868467993,671660.024361806,0.0789107704901185,0.078905,2020.22950219672,2020.22950796721,2602000,Liège,Namur,4100,5070,Liège,Namur,4100,5070
164,165,0.02186,643009.928994589,731154.078413456,626725.500821512,658371.820036763,0.100765,0.078905,2020.22950219672,2020.25136219672,2602000,Liège,Hainaut,4100,6043,Liège,Hainaut,4100,6043
165,141,0.00000377049011848762,626725.500821512,658371.820036763,626301.811131923,658136.028610079,0.100768770490118,0.100765,2020.25136219672,2020.25136596721,2602000,Hainaut,Hainaut,6043,6043,Hainaut,Hainaut,6043,6043
165,166,0.0082,626725.500821512,658371.820036763,643009.928994589,731154.078413456,0.108965,0.100765,2020.25136219672,2020.25956219672,2602000,Hainaut,Liège,6043,4100,Hainaut,Liège,6043,4100
166,142,0.000000770490118484624,643009.928994589,731154.078413456,642991.210494966,731172.956283828,0.108965770490118,0.108965,2020.25956219672,2020.25956296721,2602000,Liège,Liège,4100,4100,Liège,Liège,4100,4100
166,143,0.00273277049011848,643009.928994589,731154.078413456,647003.515901518,739792.941476986,0.111697770490118,0.108965,2020.25956219672,2020.26229496721,2602000,Liège,Liège,4100,4030,Liège,Liège,4100,4030
171,172,0.000315999999999997,639137.519078321,741930.307411448,639158.023060988,741993.36067286,0.000315999999999997,0,2020.20926660109,2020.20958260109,2602000,Liège,Liège,4052,4052,Liège,Liège,4052,4052
171,173,0.012036,639137.519078321,741930.307411448,627195.097483446,712450.599274642,0.012036,0,2020.20926660109,2020.22130260109,2602000,Liège,Liège,4052,4570,Liège,Liège,4052,4570
172,167,0.047248,639158.023060988,741993.36067286,638352.706029381,741350.463134731,0.047564,0.000315999999999997,2020.20958260109,2020.25683060109,2602000,Liège,Liège,4052,4140,Liège,Liège,4052,4140
172,168,0.047248,639158.023060988,741993.36067286,650951.956194052,763906.602280075,0.047564,0.000315999999999997,2020.20958260109,2020.25683060109,2602000,Liège,Liège,4052,4840,Liège,Liège,4052,4840
173,169,0.00000900000000000206,627195.097483446,712450.599274642,627200.31703903,712450.337350459,0.012045,0.012036,2020.22130260109,2020.22131160109,2602000,Liège,Liège,4570,4570,Liège,Liège,4570,4570
173,170,0.00000900000000000206,627195.097483446,712450.599274642,621620.613947002,733338.677581932,0.012045,0.012036,2020.22130260109,2020.22131160109,2602000,Liège,Liège,4570,4190,Liège,Liège,4570,4190
177,174,0.038748,649817.136838607,738636.292179902,649828.060857379,738582.443275743,0.038748,0,2020.1743667541,2020.2131147541,2602000,Liège,Liège,4020,4020,Liège,Liège,4020,4020
177,178,0.000476000000000004,649817.136838607,738636.292179902,649721.729409561,738610.917101538,0.000476000000000004,0,2020.1743667541,2020.1748427541,2602000,Liège,Liège,4020,4020,Liège,Liège,4020,4020
178,175,0.0847200874300079,649721.729409561,738610.917101538,639036.61561205,761789.361359551,0.0851960874300079,0.000476000000000004,2020.1748427541,2020.25956284153,2602000,Liège,Liège,4020,4845,Liège,Liège,4020,4845
178,176,0.0792560874300079,649721.729409561,738610.917101538,638512.146051671,674657.150296433,0.0797320874300079,0.000476000000000004,2020.1748427541,2020.25409884153,2602000,Liège,Namur,4020,5030,Liège,Namur,4020,5030
184,179,0.0217,640207.958305018,761251.120749214,633852.144429244,762159.277816344,0.0217,0,2020.23786284153,2020.25956284153,2602000,Liège,Liège,4845,4845,Liège,Liège,4845,4845
184,185,0.01385,640207.958305018,761251.120749214,639998.599304202,760908.833672034,0.01385,0,2020.23786284153,2020.25171284153,2602000,Liège,Liège,4845,4845,Liège,Liège,4845,4845
185,180,0.0461013661199937,639998.599304202,760908.833672034,648675.589367747,758910.214387746,0.0599513661199937,0.01385,2020.25171284153,2020.29781420765,2602000,Liège,Liège,4845,4831,Liège,Liège,4845,4831
185,186,0.00238,639998.599304202,760908.833672034,639643.533256865,763113.217890378,0.01623,0.01385,2020.25171284153,2020.25409284153,2602000,Liège,Liège,4845,4845,Liège,Liège,4845,4845
186,181,0.00000636611999368236,639643.533256865,763113.217890378,639651.659972352,763118.45853703,0.0162363661199937,0.01623,2020.25409284153,2020.25409920765,2602000,Liège,Liège,4845,4845,Liège,Liège,4845,4845
186,187,0.01093,639643.533256865,763113.217890378,641208.432754884,754127.173593723,0.02716,0.01623,2020.25409284153,2020.26502284153,2602000,Liège,Liège,4845,4800,Liège,Liège,4845,4800
187,182,0.0000053661199936883,641208.432754884,754127.173593723,641216.898663972,754130.474655306,0.0271653661199937,0.02716,2020.26502284153,2020.26502820765,2602000,Liège,Liège,4800,4800,Liège,Liège,4800,4800
187,183,0.00273736611999368,641208.432754884,754127.173593723,635457.07088652,757177.375261288,0.0298973661199937,0.02716,2020.26502284153,2020.26776020765,2602000,Liège,Liège,4800,4910,Liège,Liège,4800,4910
210,211,0.017211,625263.397476383,627132.454029987,625983.645087892,620725.304517769,0.017211,0,2020.17704215847,2020.19425315847,2602000,Hainaut,Hainaut,7021,7000,Hainaut,Hainaut,7021,7000
210,217,0.000480999999999995,625263.397476383,627132.454029987,625603.402492662,627820.265804453,0.000480999999999995,0,2020.17704215847,2020.17752315847,2602000,Hainaut,Hainaut,7021,7021,Hainaut,Hainaut,7021,7021
211,188,0.046184,625983.645087892,620725.304517769,634395.069471654,597922.988057891,0.063395,0.017211,2020.19425315847,2020.24043715847,2602000,Hainaut,Hainaut,7000,7971,Hainaut,Hainaut,7000,7971
211,212,0.015792,625983.645087892,620725.304517769,625805.715639704,625302.547039615,0.033003,0.017211,2020.19425315847,2020.21004515847,2602000,Hainaut,Hainaut,7000,7030,Hainaut,Hainaut,7000,7030
212,189,0.0276596448099794,625805.715639704,625302.547039615,626385.732573266,619905.005539282,0.0606626448099794,0.033003,2020.21004515847,2020.23770480328,2602000,Hainaut,Hainaut,7030,7000,Hainaut,Hainaut,7030,7000
212,213,0.000442999999999999,625805.715639704,625302.547039615,626073.955366993,624864.945534243,0.033446,0.033003,2020.21004515847,2020.21048815847,2602000,Hainaut,Hainaut,7030,7030,Hainaut,Hainaut,7030,7030
213,214,0.0000850000000000017,626073.955366993,624864.945534243,626309.62346976,624094.953171775,0.033531,0.033446,2020.21048815847,2020.21057315847,2602000,Hainaut,Hainaut,7030,7030,Hainaut,Hainaut,7030,7030
213,190,0.0299486448099794,626073.955366993,624864.945534243,616499.520222121,613495.018714459,0.0633946448099794,0.033446,2020.21048815847,2020.24043680328,2602000,Hainaut,Hainaut,7030,7080,Hainaut,Hainaut,7030,7080
214,215,0.01379,626309.62346976,624094.953171775,626408.100397175,614515.602526111,0.047321,0.033531,2020.21057315847,2020.22436315847,2602000,Hainaut,Hainaut,7030,7390,Hainaut,Hainaut,7030,7390
214,191,0.0325966448099794,626309.62346976,624094.953171775,636634.903007833,593966.679708663,0.0661276448099794,0.033531,2020.21057315847,2020.24316980328,2602000,Hainaut,Hainaut,7030,7602,Hainaut,Hainaut,7030,7602
215,192,0.0133416448099794,626408.100397175,614515.602526111,632021.389100702,614128.701475467,0.0606626448099794,0.047321,2020.22436315847,2020.23770480328,2602000,Hainaut,Hainaut,7390,7331,Hainaut,Hainaut,7390,7331
215,216,0.00241,626408.100397175,614515.602526111,626394.147919099,619909.508089531,0.049731,0.047321,2020.22436315847,2020.22677315847,2602000,Hainaut,Hainaut,7390,7000,Hainaut,Hainaut,7390,7000
216,193,0.00000264480997944072,626394.147919099,619909.508089531,626451.921991273,619779.865892222,0.0497336448099794,0.049731,2020.22677315847,2020.22677580328,2602000,Hainaut,Hainaut,7000,7000,Hainaut,Hainaut,7000,7000
216,194,0.0109316448099794,626394.147919099,619909.508089531,627252.597281761,633992.602694524,0.0606626448099794,0.049731,2020.22677315847,2020.23770480328,2602000,Hainaut,Hainaut,7000,7100,Hainaut,Hainaut,7000,7100
217,195,0.0492526448099794,625603.402492662,627820.265804453,664850.908366641,656993.083389752,0.0497336448099794,0.000480999999999995,2020.17752315847,2020.22677580328,2602000,Hainaut,Bruxelles,7021,1160,Hainaut,Bruxelles,7021,1160
217,218,0.01778,625603.402492662,627820.265804453,619208.173568148,621873.996084745,0.018261,0.000480999999999995,2020.17752315847,2020.19530315847,2602000,Hainaut,Hainaut,7021,7022,Hainaut,Hainaut,7021,7022
218,219,0.000338000000000005,619208.173568148,621873.996084745,619977.689722789,621380.596909625,0.018599,0.018261,2020.19530315847,2020.19564115847,2602000,Hainaut,Hainaut,7022,7040,Hainaut,Hainaut,7022,7040
218,196,0.0451336448099794,619208.173568148,621873.996084745,637211.651073727,613692.629279988,0.0633946448099794,0.018261,2020.19530315847,2020.24043680328,2602000,Hainaut,Hainaut,7022,7050,Hainaut,Hainaut,7022,7050
219,197,0.0447956448099794,619977.689722789,621380.596909625,617480.112690753,623392.865659312,0.0633946448099794,0.018599,2020.19564115847,2020.24043680328,2602000,Hainaut,Hainaut,7040,7041,Hainaut,Hainaut,7040,7041
219,220,0.000441999999999998,619977.689722789,621380.596909625,620575.753379833,619872.886779326,0.019041,0.018599,2020.19564115847,2020.19608315847,2602000,Hainaut,Hainaut,7040,7040,Hainaut,Hainaut,7040,7040
220,221,0.000350000000000003,620575.753379833,619872.886779326,620603.424861787,619732.405449406,0.019391,0.019041,2020.19608315847,2020.19643315847,2602000,Hainaut,Hainaut,7040,7040,Hainaut,Hainaut,7040,7040
220,198,0.0416216448099794,620575.753379833,619872.886779326,626762.354065959,619252.162437747,0.0606626448099794,0.019041,2020.19608315847,2020.23770480328,2602000,Hainaut,Hainaut,7040,7000,Hainaut,Hainaut,7040,7000
221,222,0.00465,620603.424861787,619732.405449406,623286.64800698,614974.026409394,0.024041,0.019391,2020.19643315847,2020.20108315847,2602000,Hainaut,Hainaut,7040,7080,Hainaut,Hainaut,7040,7080
221,199,0.0412716448099794,620603.424861787,619732.405449406,621766.919969785,611260.985550386,0.0606626448099794,0.019391,2020.19643315847,2020.23770480328,2602000,Hainaut,Hainaut,7040,7340,Hainaut,Hainaut,7040,7340
222,223,0.0182,623286.64800698,614974.026409394,623147.4073934,611494.692589876,0.042241,0.024041,2020.20108315847,2020.21928315847,2602000,Hainaut,Hainaut,7080,7301,Hainaut,Hainaut,7080,7301
222,200,0.0420866448099794,623286.64800698,614974.026409394,657924.731908374,650438.951186287,0.0661276448099794,0.024041,2020.20108315847,2020.24316980328,2602000,Hainaut,VlaamsBrabant,7080,1640,Hainaut,VlaamsBrabant,7080,1640
223,224,0.00505,623147.4073934,611494.692589876,625335.695349795,622167.167683741,0.047291,0.042241,2020.21928315847,2020.22433315847,2602000,Hainaut,Hainaut,7301,7000,Hainaut,Hainaut,7301,7000
223,226,0.00231,623147.4073934,611494.692589876,623053.060209054,611496.726873452,0.044551,0.042241,2020.21928315847,2020.22159315847,2602000,Hainaut,Hainaut,7301,7301,Hainaut,Hainaut,7301,7301
224,201,0.0461586448099794,625335.695349795,622167.167683741,639153.587288567,579257.971495689,0.0934496448099794,0.047291,2020.22433315847,2020.27049180328,2602000,Hainaut,Hainaut,7000,7500,Hainaut,Hainaut,7000,7500
224,225,0.00244,625335.695349795,622167.167683741,625141.758509134,622612.042424886,0.049731,0.047291,2020.22433315847,2020.22677315847,2602000,Hainaut,Hainaut,7000,7000,Hainaut,Hainaut,7000,7000
225,203,0.00000264480997944072,625141.758509134,622612.042424886,625122.201253192,622628.562003636,0.0497336448099794,0.049731,2020.22677315847,2020.22677580328,2602000,Hainaut,Hainaut,7000,7000,Hainaut,Hainaut,7000,7000
225,202,0.00273464480997944,625141.758509134,622612.042424886,626346.297775113,615851.857920577,0.0524656448099794,0.049731,2020.22677315847,2020.22950780328,2602000,Hainaut,Hainaut,7000,7012,Hainaut,Hainaut,7000,7012
226,227,0.00244,623053.060209054,611496.726873452,625141.758509134,622612.042424886,0.046991,0.044551,2020.22159315847,2020.22403315847,2602000,Hainaut,Hainaut,7301,7000,Hainaut,Hainaut,7301,7000
226,228,0.00684,623053.060209054,611496.726873452,620910.13856728,614103.745239148,0.051391,0.044551,2020.22159315847,2020.22843315847,2602000,Hainaut,Hainaut,7301,7340,Hainaut,Hainaut,7301,7340
227,205,0.00274264480997944,625141.758509134,622612.042424886,622845.179477647,611950.63583765,0.0497336448099794,0.046991,2020.22403315847,2020.22677580328,2602000,Hainaut,Hainaut,7000,7340,Hainaut,Hainaut,7000,7340
227,204,0.0000106448099794348,625141.758509134,622612.042424886,621484.85871592,613205.365510817,0.0470016448099794,0.046991,2020.22403315847,2020.22404380328,2602000,Hainaut,Hainaut,7000,7340,Hainaut,Hainaut,7000,7340
228,206,0.0420586448099794,620910.13856728,614103.745239148,668981.326996456,660284.42684007,0.0934496448099794,0.051391,2020.22843315847,2020.27049180328,2602000,Hainaut,VlaamsBrabant,7340,1970,Hainaut,VlaamsBrabant,7340,1970
228,229,0.00685,620910.13856728,614103.745239148,621081.582188305,614477.450870358,0.058241,0.051391,2020.22843315847,2020.23528315847,2602000,Hainaut,Hainaut,7340,7080,Hainaut,Hainaut,7340,7080
229,209,0.00242164480997944,621081.582188305,614477.450870358,621368.852559525,614476.959269159,0.0606626448099794,0.058241,2020.23528315847,2020.23770480328,2602000,Hainaut,Hainaut,7080,7340,Hainaut,Hainaut,7080,7340
229,230,0.00514000000000001,621081.582188305,614477.450870358,633860.828989991,610483.259151236,0.063381,0.058241,2020.23528315847,2020.24042315847,2602000,Hainaut,Hainaut,7080,7332,Hainaut,Hainaut,7080,7332
230,208,0.0000136448099794378,633860.828989991,610483.259151236,634849.504248323,630809.535223493,0.0633946448099794,0.063381,2020.24042315847,2020.24043680328,2602000,Hainaut,Hainaut,7332,7070,Hainaut,Hainaut,7332,7070
230,207,0.0000136448099794378,633860.828989991,610483.259151236,634425.994706191,610866.996025928,0.0633946448099794,0.063381,2020.24042315847,2020.24043680328,2602000,Hainaut,Hainaut,7332,7332,Hainaut,Hainaut,7332,7332
235,231,0.002027,632965.620520884,608717.266394518,632047.252487722,609346.008467919,0.002027,0,2020.20562327322,2020.20765027322,2602000,Hainaut,Hainaut,7332,7334,Hainaut,Hainaut,7332,7334
235,236,0.00231,632965.620520884,608717.266394518,633187.715463837,608688.020952127,0.00231,0,2020.20562327322,2020.20793327322,2602000,Hainaut,Hainaut,7332,7332,Hainaut,Hainaut,7332,7332
236,232,0.00244924044008202,633187.715463837,608688.020952127,647322.613519496,586530.117649849,0.00475924044008202,0.00231,2020.20793327322,2020.21038251366,2602000,Hainaut,Hainaut,7332,7540,Hainaut,Hainaut,7332,7540
236,237,0.00244,633187.715463837,608688.020952127,612758.488737311,604106.012938779,0.00475,0.00231,2020.20793327322,2020.21037327322,2602000,Hainaut,Hainaut,7332,7387,Hainaut,Hainaut,7332,7387
237,233,0.00000924044008202268,612758.488737311,604106.012938779,617826.788829075,602108.032471835,0.00475924044008202,0.00475,2020.21037327322,2020.21038251366,2602000,Hainaut,Hainaut,7387,7387,Hainaut,Hainaut,7387,7387
237,234,0.00000924044008202268,612758.488737311,604106.012938779,612702.155484843,604131.302563964,0.00475924044008202,0.00475,2020.21037327322,2020.21038251366,2602000,Hainaut,Hainaut,7387,7387,Hainaut,Hainaut,7387,7387
265,238,0.067603,647760.823504773,712032.319176105,629153.810199301,648732.465876985,0.067603,0,2020.15917295628,2020.22677595628,2602000,Liège,Hainaut,4317,6183,Liège,Hainaut,4317,6183
265,266,0.00262,647760.823504773,712032.319176105,662187.67244797,637773.141603938,0.00262,0,2020.15917295628,2020.16179295628,2602000,Liège,VlaamsBrabant,4317,1500,Liège,VlaamsBrabant,4317,1500
266,267,0.00542000000000001,662187.67244797,637773.141603938,666932.561877288,650079.567268655,0.00804000000000001,0.00262,2020.16179295628,2020.16721295628,2602000,VlaamsBrabant,Bruxelles,1500,1050,VlaamsBrabant,Bruxelles,1500,1050
266,239,0.0622513278698626,662187.67244797,637773.141603938,619072.036436229,656764.416294378,0.0648713278698626,0.00262,2020.16179295628,2020.22404428415,2602000,VlaamsBrabant,Hainaut,1500,6010,VlaamsBrabant,Hainaut,1500,6010
267,268,0.00266999999999999,666932.561877288,650079.567268655,663514.896170217,651702.211141751,0.01071,0.00804000000000001,2020.16721295628,2020.16988295628,2602000,Bruxelles,Bruxelles,1050,1180,Bruxelles,Bruxelles,1050,1180
267,240,0.0978153278698626,666932.561877288,650079.567268655,670396.020321919,644614.617998245,0.105855327869863,0.00804000000000001,2020.16721295628,2020.26502828415,2602000,Bruxelles,Bruxelles,1050,1070,Bruxelles,Bruxelles,1050,1070
268,269,0.00535000000000001,663514.896170217,651702.211141751,661395.025109045,653783.486461675,0.01606,0.01071,2020.16988295628,2020.17523295628,2602000,Bruxelles,VlaamsBrabant,1180,1560,Bruxelles,VlaamsBrabant,1180,1560
268,241,0.0541613278698626,663514.896170217,651702.211141751,666240.852408093,653026.398962613,0.0648713278698626,0.01071,2020.16988295628,2020.22404428415,2602000,Bruxelles,Bruxelles,1180,1170,Bruxelles,Bruxelles,1180,1170
269,270,0.00233999999999999,661395.025109045,653783.486461675,673851.569870226,645915.932821886,0.0184,0.01606,2020.17523295628,2020.17757295628,2602000,VlaamsBrabant,Bruxelles,1560,1083,VlaamsBrabant,Bruxelles,1560,1083
269,242,0.0679373278698626,661395.025109045,653783.486461675,641147.11924527,729546.251754598,0.0839973278698626,0.01606,2020.17523295628,2020.24317028415,2602000,VlaamsBrabant,Liège,1560,4100,VlaamsBrabant,Liège,1560,4100
270,271,0.00353000000000001,673851.569870226,645915.932821886,637346.374198434,660423.544181879,0.02193,0.0184,2020.17757295628,2020.18110295628,2602000,Bruxelles,BrabantWallon,1083,1495,Bruxelles,BrabantWallon,1083,1495
270,243,0.0000233278698625883,673851.569870226,645915.932821886,674090.091583299,646253.283229158,0.0184233278698626,0.0184,2020.17757295628,2020.17759628415,2602000,Bruxelles,Bruxelles,1083,1083,Bruxelles,Bruxelles,1083,1083
271,272,0.00772999999999999,637346.374198434,660423.544181879,646759.812478654,735095.920763525,0.02966,0.02193,2020.18110295628,2020.18883295628,2602000,BrabantWallon,Liège,1495,4000,BrabantWallon,Liège,1495,4000
271,244,0.0566023278698626,637346.374198434,660423.544181879,632502.175660496,634496.514080743,0.0785323278698626,0.02193,2020.18110295628,2020.23770528415,2602000,BrabantWallon,Hainaut,1495,7110,BrabantWallon,Hainaut,1495,7110
272,275,0.01091,646759.812478654,735095.920763525,632606.115046752,715614.029957695,0.04057,0.02966,2020.18883295628,2020.19974295628,2602000,Liège,Liège,4000,4577,Liège,Liège,4000,4577
272,273,0.01634,646759.812478654,735095.920763525,638123.960509943,740861.41552661,0.046,0.02966,2020.18883295628,2020.20517295628,2602000,Liège,Liège,4000,4140,Liège,Liège,4000,4140
273,245,0.00247732786986259,638123.960509943,740861.41552661,636729.101780446,741383.691882189,0.0484773278698626,0.046,2020.20517295628,2020.20765028415,2602000,Liège,Liège,4140,4140,Liège,Liège,4140,4140
273,274,0.0079,638123.960509943,740861.41552661,646558.139797485,738750.054465491,0.0539,0.046,2020.20517295628,2020.21307295628,2602000,Liège,Liège,4140,4030,Liège,Liège,4140,4030
274,246,0.0000423278698625934,646558.139797485,738750.054465491,646214.394562496,738584.119899513,0.0539423278698626,0.0539,2020.21307295628,2020.21311528415,2602000,Liège,Liège,4030,4032,Liège,Liège,4030,4032
274,247,0.0000423278698625934,646558.139797485,738750.054465491,624572.058607972,608610.177522419,0.0539423278698626,0.0539,2020.21307295628,2020.21311528415,2602000,Liège,Hainaut,4030,7300,Liège,Hainaut,4030,7300
275,279,0.0164,632606.115046752,715614.029957695,620501.50779184,723400.644814646,0.05697,0.04057,2020.19974295628,2020.21614295628,2602000,Liège,Liège,4577,4560,Liège,Liège,4577,4560
275,276,0.01909,632606.115046752,715614.029957695,650544.687052057,724629.270004182,0.05966,0.04057,2020.19974295628,2020.21883295628,2602000,Liège,Liège,4577,4347,Liège,Liège,4577,4347
276,277,0.00244,650544.687052057,724629.270004182,645066.151077048,734608.528408123,0.0621,0.05966,2020.21883295628,2020.22127295628,2602000,Liège,Liège,4347,4000,Liège,Liège,4347,4000
276,248,0.0024793278698626,650544.687052057,724629.270004182,652246.657914525,727210.553996886,0.0621393278698626,0.05966,2020.21883295628,2020.22131228415,2602000,Liège,Liège,4347,4340,Liège,Liège,4347,4340
277,278,0.00545999999999999,645066.151077048,734608.528408123,626611.067521585,611787.400264227,0.06756,0.0621,2020.22127295628,2020.22673295628,2602000,Liège,Hainaut,4000,7390,Liège,Hainaut,4000,7390
277,249,0.0000393278698625904,645066.151077048,734608.528408123,645270.614728,735350.046703848,0.0621393278698626,0.0621,2020.22127295628,2020.22131228415,2602000,Liège,Liège,4000,4000,Liège,Liège,4000,4000
278,250,0.0000433278698625944,626611.067521585,611787.400264227,628435.170160801,622065.977038471,0.0676033278698626,0.06756,2020.22673295628,2020.22677628415,2602000,Hainaut,Hainaut,7390,7000,Hainaut,Hainaut,7390,7000
278,251,0.0000433278698625944,626611.067521585,611787.400264227,626098.094044828,608465.363657807,0.0676033278698626,0.06756,2020.22673295628,2020.22677628415,2602000,Hainaut,Hainaut,7390,7300,Hainaut,Hainaut,7390,7300
279,280,0.01635,620501.50779184,723400.644814646,631738.194636663,654580.095857365,0.07332,0.05697,2020.21614295628,2020.23249295628,2602000,Liège,Hainaut,4560,6230,Liège,Hainaut,4560,6230
279,284,0.00858,620501.50779184,723400.644814646,620177.022455503,715611.186614511,0.06555,0.05697,2020.21614295628,2020.22472295628,2602000,Liège,Liège,4560,4560,Liège,Liège,4560,4560
280,281,0.00244,631738.194636663,654580.095857365,645066.151077048,734608.528408123,0.07576,0.07332,2020.23249295628,2020.23493295628,2602000,Hainaut,Liège,6230,4000,Hainaut,Liège,6230,4000
280,282,0.00545999999999999,631738.194636663,654580.095857365,626611.067521585,611787.400264227,0.07878,0.07332,2020.23249295628,2020.23795295628,2602000,Hainaut,Hainaut,6230,7390,Hainaut,Hainaut,6230,7390
281,252,0.0000403278698625914,645066.151077048,734608.528408123,618830.926421162,656326.000465578,0.0758003278698626,0.07576,2020.23493295628,2020.23497328415,2602000,Liège,Hainaut,4000,6001,Liège,Hainaut,4000,6001
281,253,0.0000403278698625914,645066.151077048,734608.528408123,633555.915783879,652111.216882986,0.0758003278698626,0.07576,2020.23493295628,2020.23497328415,2602000,Liège,Hainaut,4000,6238,Liège,Hainaut,4000,6238
282,256,0.00248432786986259,626611.067521585,611787.400264227,709028.714898039,583723.121456066,0.0812643278698626,0.07878,2020.23795295628,2020.24043728415,2602000,Hainaut,Oost-Vlaanderen,7390,9990,Hainaut,Oost-Vlaanderen,7390,9990
282,283,0.00244,626611.067521585,611787.400264227,645066.151077048,734608.528408123,0.08122,0.07878,2020.23795295628,2020.24039295628,2602000,Hainaut,Liège,7390,4000,Hainaut,Liège,7390,4000
283,254,0.0000443278698625954,645066.151077048,734608.528408123,627462.927836731,622915.775901243,0.0812643278698626,0.08122,2020.24039295628,2020.24043728415,2602000,Liège,Hainaut,4000,7000,Liège,Hainaut,4000,7000
283,255,0.0000443278698625954,645066.151077048,734608.528408123,619747.428772907,619357.568886858,0.0812643278698626,0.08122,2020.24039295628,2020.24043728415,2602000,Liège,Hainaut,4000,7040,Liège,Hainaut,4000,7040
284,285,0.00511,620177.022455503,715611.186614511,625590.139213187,728506.64807611,0.07066,0.06555,2020.22472295628,2020.22983295628,2602000,Liège,Liège,4560,4590,Liège,Liège,4560,4590
284,257,0.00478532786986259,620177.022455503,715611.186614511,678891.361255102,653467.393343286,0.0703353278698626,0.06555,2020.22472295628,2020.22950828415,2602000,Liège,VlaamsBrabant,4560,1800,Liège,VlaamsBrabant,4560,1800
285,286,0.0054,625590.139213187,728506.64807611,627054.333434871,713960.039283408,0.07606,0.07066,2020.22983295628,2020.23523295628,2602000,Liège,Liège,4590,4570,Liège,Liège,4590,4570
285,258,0.0133373278698626,625590.139213187,728506.64807611,642473.198096258,698912.020093437,0.0839973278698626,0.07066,2020.22983295628,2020.24317028415,2602000,Liège,Liège,4590,4210,Liège,Liège,4590,4210
286,287,0.0082,627054.333434871,713960.039283408,632198.549260107,742850.808832884,0.08426,0.07606,2020.23523295628,2020.24343295628,2602000,Liège,Liège,4570,4140,Liège,Liège,4570,4140
286,288,0.00244,627054.333434871,713960.039283408,645066.151077048,734608.528408123,0.0785,0.07606,2020.23523295628,2020.23767295628,2602000,Liège,Liège,4570,4000,Liège,Liège,4570,4000
287,260,0.00246932786986259,632198.549260107,742850.808832884,625604.756786948,743581.820262608,0.0867293278698626,0.08426,2020.24343295628,2020.24590228415,2602000,Liège,Liège,4140,4920,Liège,Liège,4140,4920
287,259,0.0106663278698626,632198.549260107,742850.808832884,648249.326280251,732759.815093932,0.0949263278698626,0.08426,2020.24343295628,2020.25409928415,2602000,Liège,Liège,4140,4000,Liège,Liège,4140,4000
288,261,0.0000323278698625973,645066.151077048,734608.528408123,636108.54020965,625206.160550939,0.0785323278698626,0.0785,2020.23767295628,2020.23770528415,2602000,Liège,Hainaut,4000,7061,Liège,Hainaut,4000,7061
288,289,0.0224,645066.151077048,734608.528408123,631341.303853621,642618.326370726,0.1009,0.0785,2020.23767295628,2020.26007295628,2602000,Liège,Hainaut,4000,7170,Liège,Hainaut,4000,7170
289,264,0.0158833278698626,631341.303853621,642618.326370726,654434.1791413,613350.324733853,0.116783327869863,0.1009,2020.26007295628,2020.27595628415,2602000,Hainaut,Hainaut,7170,7860,Hainaut,Hainaut,7170,7860
289,290,0.00766,631341.303853621,642618.326370726,639073.743092521,731066.325855918,0.10856,0.1009,2020.26007295628,2020.26773295628,2602000,Hainaut,Liège,7170,4100,Hainaut,Liège,7170,4100
290,262,0.0000273278698625923,639073.743092521,731066.325855918,639644.588025019,730805.072095901,0.108587327869863,0.10856,2020.26773295628,2020.26776028415,2602000,Liège,Liège,4100,4100,Liège,Liège,4100,4100
290,263,0.0000273278698625923,639073.743092521,731066.325855918,645867.745438738,733499.383157468,0.108587327869863,0.10856,2020.26773295628,2020.26776028415,2602000,Liège,Liège,4100,4000,Liège,Liège,4100,4000
295,291,0.002479,654621.545222761,746494.108411593,652246.657914525,727210.553996886,0.002479,0,2020.21883247541,2020.22131147541,2602000,Liège,Liège,4670,4340,Liège,Liège,4670,4340
295,296,0.00244,654621.545222761,746494.108411593,645357.169892365,735822.713946902,0.00244,0,2020.21883247541,2020.22127247541,2602000,Liège,Liège,4670,4031,Liège,Liège,4670,4031
296,292,0.0000394808701596073,645357.169892365,735822.713946902,645270.614728,735350.046703848,0.00247948087015961,0.00244,2020.22127247541,2020.22131195628,2602000,Liège,Liège,4031,4000,Liège,Liège,4031,4000
296,297,0.00546,645357.169892365,735822.713946902,626083.104142463,608032.398264427,0.0079,0.00244,2020.22127247541,2020.22673247541,2602000,Liège,Hainaut,4031,7300,Liège,Hainaut,4031,7300
297,293,0.0000434808701596061,626083.104142463,608032.398264427,628435.170160801,622065.977038471,0.00794348087015961,0.0079,2020.22673247541,2020.22677595628,2602000,Hainaut,Hainaut,7300,7000,Hainaut,Hainaut,7300,7000
297,294,0.0000434808701596061,626083.104142463,608032.398264427,626098.094044828,608465.363657807,0.00794348087015961,0.0079,2020.22673247541,2020.22677595628,2602000,Hainaut,Hainaut,7300,7300,Hainaut,Hainaut,7300,7300
303,304,0.00244,631895.029870653,652076.082738299,633940.673146927,652036.303672102,0.00244,0,2020.2324926776,2020.2349326776,2602000,Hainaut,Hainaut,6238,6238,Hainaut,Hainaut,6238,6238
303,305,0.00546,631895.029870653,652076.082738299,629801.786089099,652082.324291414,0.00546,0,2020.2324926776,2020.2379526776,2602000,Hainaut,Hainaut,6238,6230,Hainaut,Hainaut,6238,6230
304,298,0.0000400000000000001,633940.673146927,652036.303672102,618830.926421162,656326.000465578,0.00248,0.00244,2020.2349326776,2020.2349726776,2602000,Hainaut,Hainaut,6238,6001,Hainaut,Hainaut,6238,6001
304,299,0.0000404808701596048,633940.673146927,652036.303672102,633555.915783879,652111.216882986,0.0024804808701596,0.00244,2020.2349326776,2020.23497315847,2602000,Hainaut,Hainaut,6238,6238,Hainaut,Hainaut,6238,6238
305,302,0.0024844808701596,629801.786089099,652082.324291414,709028.714898039,583723.121456066,0.0079444808701596,0.00546,2020.2379526776,2020.24043715847,2602000,Hainaut,Oost-Vlaanderen,6230,9990,Hainaut,Oost-Vlaanderen,6230,9990
305,306,0.00244,629801.786089099,652082.324291414,633940.673146927,652036.303672102,0.0079,0.00546,2020.2379526776,2020.2403926776,2602000,Hainaut,Hainaut,6230,6238,Hainaut,Hainaut,6230,6238
306,300,0.0000444808701596053,633940.673146927,652036.303672102,627462.927836731,622915.775901243,0.0079444808701596,0.0079,2020.2403926776,2020.24043715847,2602000,Hainaut,Hainaut,6238,7000,Hainaut,Hainaut,6238,7000
306,301,0.0000444808701596053,633940.673146927,652036.303672102,619747.428772907,619357.568886858,0.0079444808701596,0.0079,2020.2403926776,2020.24043715847,2602000,Hainaut,Hainaut,6238,7040,Hainaut,Hainaut,6238,7040
310,307,0.047973,626915.515664995,650770.379595385,626855.982622847,650601.97034129,0.047973,0,2020.12962262842,2020.17759562842,2602000,Hainaut,Hainaut,6180,6180,Hainaut,Hainaut,6180,6180
310,311,0.02217,626915.515664995,650770.379595385,626946.826587563,650813.777755918,0.02217,0,2020.12962262842,2020.15179262842,2602000,Hainaut,Hainaut,6180,6180,Hainaut,Hainaut,6180,6180
311,308,0.014874,626946.826587563,650813.777755918,633963.066755335,702961.284576058,0.037044,0.02217,2020.15179262842,2020.16666662842,2602000,Hainaut,Liège,6180,4218,Hainaut,Liège,6180,4218
311,309,0.017606,626946.826587563,650813.777755918,674870.370933524,677994.989763731,0.039776,0.02217,2020.15179262842,2020.16939862842,2602000,Hainaut,VlaamsBrabant,6180,3010,Hainaut,VlaamsBrabant,6180,3010
315,312,0.064339,650286.792604593,738686.052826946,650085.180601866,738480.072375427,0.064339,0,2020.15697247541,2020.22131147541,13010000,Liège,Liège,4040,4000,Liège,Liège,4040,4000
315,316,0.04246,650286.792604593,738686.052826946,650415.485104059,738819.909565471,0.04246,0,2020.15697247541,2020.19943247541,13010000,Liège,Liège,4040,4040,Liège,Liège,4040,4040
316,313,0.0464691639300428,650415.485104059,738819.909565471,645384.920463992,733976.126428493,0.0889291639300428,0.04246,2020.19943247541,2020.24590163934,13010000,Liège,Liège,4040,4000,Liège,Liège,4040,4000
316,314,0.0000211639300427488,650415.485104059,738819.909565471,646083.149962156,782859.431557475,0.0424811639300427,0.04246,2020.19943247541,2020.19945363934,13010000,Liège,Liège,4040,4700,Liège,Liège,4040,4700
329,330,0.00520000000000001,644160.299727179,771768.731750132,657251.339918722,746990.127021317,0.00520000000000001,0,2020.17237262842,2020.17757262842,2602000,Liège,Liège,4837,4607,Liège,Liège,4837,4607
329,334,0.00488,644160.299727179,771768.731750132,644238.10890365,774179.23226427,0.00488,0,2020.17237262842,2020.17725262842,2602000,Liège,Liège,4837,4700,Liège,Liège,4837,4700
330,317,0.0000229999999999952,657251.339918722,746990.127021317,657257.753707669,746960.462294902,0.00522300000000001,0.00520000000000001,2020.17757262842,2020.17759562842,2602000,Liège,Liège,4607,4607,Liège,Liège,4607,4607
330,331,0.0013,657251.339918722,746990.127021317,631056.046612802,760742.184871513,0.00650000000000001,0.00520000000000001,2020.17757262842,2020.17887262842,2602000,Liège,Liège,4607,4845,Liège,Liège,4607,4845
331,332,0.080126,631056.046612802,760742.184871513,629842.454593039,758879.715767777,0.086626,0.00650000000000001,2020.17887262842,2020.25899862842,2602000,Liège,Liège,4845,4900,Liège,Liège,4845,4900
331,318,0.0806898688498722,631056.046612802,760742.184871513,631011.393570992,766477.155471894,0.0871898688498722,0.00650000000000001,2020.17887262842,2020.25956249727,2602000,Liège,Liège,4845,4970,Liège,Liège,4845,4970
332,333,0.000534000000000007,629842.454593039,758879.715767777,629925.933134937,759151.464578651,0.08716,0.086626,2020.25899862842,2020.25953262842,2602000,Liège,Liège,4900,4900,Liège,Liège,4900,4900
332,319,0.00602886884987217,629842.454593039,758879.715767777,629314.119689862,757330.333695071,0.0926548688498722,0.086626,2020.25899862842,2020.26502749727,2602000,Liège,Liège,4900,4900,Liège,Liège,4900,4900
333,321,0.0983908688498722,629925.933134937,759151.464578651,646791.610276589,754182.458649695,0.185550868849872,0.08716,2020.25953262842,2020.35792349727,2602000,Liège,Liège,4900,4800,Liège,Liège,4900,4800
333,320,0.0000298688498721611,629925.933134937,759151.464578651,630668.022674869,753323.044772269,0.0871898688498722,0.08716,2020.25953262842,2020.25956249727,2602000,Liège,Liège,4900,4900,Liège,Liège,4900,4900
334,322,0.0385938688498722,644238.10890365,774179.23226427,642023.418726258,778975.872373919,0.0434738688498722,0.00488,2020.17725262842,2020.21584649727,2602000,Liège,Liège,4700,4700,Liège,Liège,4700,4700
334,335,0.02248,644238.10890365,774179.23226427,643627.257474896,771697.946384886,0.02736,0.00488,2020.17725262842,2020.19973262842,2602000,Liège,Liège,4700,4837,Liège,Liège,4700,4837
335,323,0.0652948688498722,643627.257474896,771697.946384886,672485.43296706,648475.870968011,0.0926548688498722,0.02736,2020.19973262842,2020.26502749727,2602000,Liège,Bruxelles,4837,1080,Liège,Bruxelles,4837,1080
335,336,0.00242999999999999,643627.257474896,771697.946384886,643409.056705222,773096.505003126,0.02979,0.02736,2020.19973262842,2020.20216262842,2602000,Liège,Liège,4837,4837,Liège,Liège,4837,4837
336,324,0.0000228688498721819,643409.056705222,773096.505003126,621017.35149929,766723.631321323,0.0298128688498722,0.02979,2020.20216262842,2020.20218549727,2602000,Liège,Liège,4837,4960,Liège,Liège,4837,4960
336,337,0.00850000000000001,643409.056705222,773096.505003126,643729.519776475,772089.477984848,0.03829,0.02979,2020.20216262842,2020.21066262842,2602000,Liège,Liège,4837,4837,Liège,Liège,4837,4837
337,325,0.0133808688498722,643729.519776475,772089.477984848,643450.323824673,774267.477265988,0.0516708688498722,0.03829,2020.21066262842,2020.22404349727,2602000,Liège,Liège,4837,4700,Liège,Liège,4837,4700
337,338,0.01092,643729.519776475,772089.477984848,644737.663345732,774980.98594172,0.04921,0.03829,2020.21066262842,2020.22158262842,2602000,Liège,Liège,4837,4700,Liège,Liège,4837,4700
338,328,0.00792486884987215,644737.663345732,774980.98594172,639337.966334947,706621.867584774,0.0571348688498722,0.04921,2020.22158262842,2020.22950749727,2602000,Liège,Liège,4700,4520,Liège,Liège,4700,4520
338,339,0.00244,644737.663345732,774980.98594172,644707.498795685,776138.315006185,0.05165,0.04921,2020.22158262842,2020.22402262842,2602000,Liège,Liège,4700,4700,Liège,Liège,4700,4700
339,326,0.0000208688498721521,644707.498795685,776138.315006185,644715.54359282,776101.129164684,0.0516708688498722,0.05165,2020.22402262842,2020.22404349727,2602000,Liège,Liège,4700,4700,Liège,Liège,4700,4700
339,327,0.0000208688498721521,644707.498795685,776138.315006185,644104.249594879,779601.092545617,0.0516708688498722,0.05165,2020.22402262842,2020.22404349727,2602000,Liège,Liège,4700,4700,Liège,Liège,4700,4700
343,340,0.021973,645468.444430538,760936.491816895,645486.227220323,760993.937910301,0.021973,0,2020.20480295628,2020.22677595628,2602000,Liège,Liège,4830,4830,Liège,Liège,4830,4830
343,344,0.04109,645468.444430538,760936.491816895,648734.577336428,732758.653126032,0.04109,0,2020.20480295628,2020.24589295628,2602000,Liège,Liège,4830,4000,Liège,Liège,4830,4000
344,341,0.0136698852498341,648734.577336428,732758.653126032,656667.605448212,752772.558341228,0.0547598852498341,0.04109,2020.24589295628,2020.25956284153,2602000,Liège,Liège,4000,4880,Liège,Liège,4000,4880
344,342,0.00000888524983408412,648734.577336428,732758.653126032,648745.20589299,732790.681179748,0.0410988852498341,0.04109,2020.24589295628,2020.24590184153,2602000,Liège,Liège,4000,4000,Liège,Liège,4000,4000
350,345,0.000410999999999995,644470.771822544,734384.805854307,645109.04534342,734135.878454173,0.000410999999999995,0,2020.20723927322,2020.20765027322,2602000,Liège,Liège,4031,4000,Liège,Liège,4031,4000
350,351,0.000393000000000004,644470.771822544,734384.805854307,649588.314246929,738230.178267995,0.000393000000000004,0,2020.20723927322,2020.20763227322,2602000,Liège,Liège,4031,4020,Liège,Liège,4031,4020
351,346,0.0573957431699605,649588.314246929,738230.178267995,642316.70491857,727010.084487261,0.0577887431699605,0.000393000000000004,2020.20763227322,2020.26502801639,2602000,Liège,Liège,4020,4400,Liège,Liège,4020,4400
351,352,0.03825,649588.314246929,738230.178267995,651148.903387897,739486.391532831,0.038643,0.000393000000000004,2020.20763227322,2020.24588227322,2602000,Liège,Liège,4020,4040,Liège,Liège,4020,4040
352,347,0.0000197431699605205,651148.903387897,739486.391532831,652737.33884595,740635.473382521,0.0386627431699605,0.038643,2020.24588227322,2020.24590201639,2602000,Liège,Liège,4040,4020,Liège,Liège,4040,4020
352,353,0.04918,651148.903387897,739486.391532831,646733.692643295,736013.684210988,0.087823,0.038643,2020.24588227322,2020.29506227322,2602000,Liège,Liège,4040,4020,Liège,Liège,4040,4020
353,348,0.0000197431699605205,646733.692643295,736013.684210988,646736.589716631,736018.969273173,0.0878427431699605,0.087823,2020.29506227322,2020.29508201639,2602000,Liège,Liège,4020,4020,Liège,Liège,4020,4020
353,349,0.0573967431699605,646733.692643295,736013.684210988,650959.670259153,739485.205903959,0.145219743169961,0.087823,2020.29506227322,2020.35245901639,2602000,Liège,Liège,4020,4000,Liège,Liège,4020,4000
358,354,0.006983,659737.289896191,764817.786704168,659864.039982893,764971.927018376,0.006983,0,2020.21979295628,2020.22677595628,2602000,Liège,Liège,4851,4851,Liège,Liège,4851,4851
358,359,0.022954,659737.289896191,764817.786704168,656487.818398577,730987.030999463,0.022954,0,2020.21979295628,2020.24274695628,2602000,Liège,Liège,4851,4432,Liège,Liège,4851,4432
359,355,0.000422442629805578,656487.818398577,730987.030999463,643948.051226703,715744.717991809,0.0233764426298056,0.022954,2020.24274695628,2020.24316939891,2602000,Liège,Liège,4432,4537,Liège,Liège,4432,4537
359,360,0.000406,656487.818398577,730987.030999463,656484.563314502,730984.45273684,0.02336,0.022954,2020.24274695628,2020.24315295628,2602000,Liège,Liège,4432,4432,Liège,Liège,4432,4432
360,356,0.0000164426298055777,656484.563314502,730984.45273684,620075.939188472,788286.597419253,0.0233764426298056,0.02336,2020.24315295628,2020.24316939891,2602000,Liège,Liège,4432,4760,Liège,Liège,4432,4760
360,357,0.0000164426298055777,656484.563314502,730984.45273684,656495.13734795,730997.282931074,0.0233764426298056,0.02336,2020.24315295628,2020.24316939891,2602000,Liège,Liège,4432,4432,Liège,Liège,4432,4432
383,361,0.084772,642458.507071071,732567.296318115,635996.306764513,733681.669609044,0.084772,0,2020.17752308197,2020.26229508197,2602000,Liège,Liège,4102,4130,Liège,Liège,4102,4130
383,384,0.000109999999999999,642458.507071071,732567.296318115,642554.157348647,732431.734109394,0.000109999999999999,0,2020.17752308197,2020.17763308197,2602000,Liège,Liège,4102,4102,Liège,Liège,4102,4102
384,385,0.00162000000000001,642554.157348647,732431.734109394,644994.113140168,734554.720275431,0.00173000000000001,0.000109999999999999,2020.17763308197,2020.17925308197,2602000,Liège,Liège,4102,4000,Liège,Liège,4102,4000
384,362,0.0846621748600159,642554.157348647,732431.734109394,648107.425751257,739070.346485392,0.0847721748600159,0.000109999999999999,2020.17763308197,2020.26229525683,2602000,Liège,Liège,4102,4020,Liège,Liège,4102,4020
385,386,0.000269999999999992,644994.113140168,734554.720275431,644981.881444815,734536.424338918,0.002,0.00173000000000001,2020.17925308197,2020.17952308197,2602000,Liège,Liège,4000,4000,Liège,Liège,4000,4000
385,363,0.0420591748600159,644994.113140168,734554.720275431,626336.189480608,733713.338293188,0.0437891748600159,0.00173000000000001,2020.17925308197,2020.22131225683,2602000,Liège,Liège,4000,4180,Liège,Liège,4000,4180
386,387,0.01523,644981.881444815,734536.424338918,643942.786868634,734554.237308796,0.01723,0.002,2020.17952308197,2020.19475308197,2602000,Liège,Liège,4000,4031,Liège,Liège,4000,4031
386,364,0.0855051748600159,644981.881444815,734536.424338918,639568.482734367,733299.650128438,0.0875051748600159,0.002,2020.17952308197,2020.26502825683,2602000,Liège,Liège,4000,4100,Liège,Liège,4000,4100
387,388,0.00702999999999998,643942.786868634,734554.237308796,645084.685838869,734258.242991392,0.02426,0.01723,2020.19475308197,2020.20178308197,2602000,Liège,Liège,4031,4000,Liège,Liège,4031,4000
387,397,0.00231999999999999,643942.786868634,734554.237308796,643910.845427128,734495.92516149,0.01955,0.01723,2020.19475308197,2020.19707308197,2602000,Liège,Liège,4031,4031,Liège,Liège,4031,4031
388,390,0.044082,645084.685838869,734258.242991392,647687.233638558,735720.58606064,0.068342,0.02426,2020.20178308197,2020.24586508197,2602000,Liège,Liège,4000,4020,Liège,Liège,4000,4020
388,389,0.00574000000000002,645084.685838869,734258.242991392,645745.120948702,734527.796249512,0.03,0.02426,2020.20178308197,2020.20752308197,2602000,Liège,Liège,4000,4000,Liège,Liège,4000,4000
389,365,0.0356471748600159,645745.120948702,734527.796249512,650542.658832768,730842.107351146,0.0656471748600159,0.03,2020.20752308197,2020.24317025683,2602000,Liège,Liège,4000,4430,Liège,Liège,4000,4430
389,366,0.00559217486001587,645745.120948702,734527.796249512,645128.848133672,734139.772461749,0.0355921748600159,0.03,2020.20752308197,2020.21311525683,2602000,Liège,Liège,4000,4000,Liège,Liège,4000,4000
390,392,0.031278,647687.233638558,735720.58606064,650419.673356504,738610.136135665,0.09962,0.068342,2020.24586508197,2020.27714308197,2602000,Liège,Liège,4020,4040,Liège,Liège,4020,4040
390,391,0.00000799999999999412,647687.233638558,735720.58606064,647700.794234792,735722.376746289,0.06835,0.068342,2020.24586508197,2020.24587308197,2602000,Liège,Liège,4020,4020,Liège,Liège,4020,4020
391,367,0.0000291748600158709,647700.794234792,735722.376746289,646350.509798955,707171.270538886,0.0683791748600159,0.06835,2020.24587308197,2020.24590225683,2602000,Liège,Liège,4020,4261,Liège,Liège,4020,4261
391,368,0.0492091748600159,647700.794234792,735722.376746289,654472.072575386,737939.575800469,0.117559174860016,0.06835,2020.24587308197,2020.29508225683,2602000,Liège,Liège,4020,4040,Liège,Liège,4020,4040
392,369,0.0179391748600159,650419.673356504,738610.136135665,648559.870579196,737524.024168761,0.117559174860016,0.09962,2020.27714308197,2020.29508225683,2602000,Liège,Liège,4040,4020,Liège,Liège,4040,4020
392,393,0.01791,650419.673356504,738610.136135665,653660.777412254,737108.21513212,0.11753,0.09962,2020.27714308197,2020.29505308197,2602000,Liège,Liège,4040,4041,Liège,Liège,4040,4041
393,394,0.017,653660.777412254,737108.21513212,653660.777412254,737108.21513212,0.13453,0.11753,2020.29505308197,2020.31205308197,2602000,Liège,Liège,4041,4041,Liège,Liège,4041,4041
393,370,0.0000291748600158709,653660.777412254,737108.21513212,653112.056497733,739287.075242271,0.117559174860016,0.11753,2020.29505308197,2020.29508225683,2602000,Liège,Liège,4041,4040,Liège,Liège,4041,4040
394,395,0.000980000000000009,653660.777412254,737108.21513212,653717.14017705,737210.427839102,0.13551,0.13453,2020.31205308197,2020.31303308197,2602000,Liège,Liège,4041,4041,Liège,Liège,4041,4041
394,371,0.0431381748600159,653660.777412254,737108.21513212,655327.756705589,738679.57333199,0.177668174860016,0.13453,2020.31205308197,2020.35519125683,2602000,Liège,Liège,4041,4680,Liège,Liège,4041,4680
395,396,0.000170000000000003,653717.14017705,737210.427839102,653407.712078509,737225.289574095,0.13568,0.13551,2020.31303308197,2020.31320308197,2602000,Liège,Liège,4041,4041,Liège,Liège,4041,4041
395,372,0.0421581748600159,653717.14017705,737210.427839102,636005.093094996,716738.982131019,0.177668174860016,0.13551,2020.31303308197,2020.35519125683,2602000,Liège,Liège,4041,4540,Liège,Liège,4041,4540
396,374,0.0419881748600159,653407.712078509,737225.289574095,652585.340738824,738018.596116157,0.177668174860016,0.13568,2020.31320308197,2020.35519125683,2602000,Liège,Liège,4041,4040,Liège,Liège,4041,4040
396,373,0.0365241748600159,653407.712078509,737225.289574095,656524.273563619,739289.258221061,0.172204174860016,0.13568,2020.31320308197,2020.34972725683,2602000,Liège,Liège,4041,4680,Liège,Liège,4041,4680
397,375,0.00238117486001588,643910.845427128,734495.92516149,643580.492823519,733742.327779135,0.0219311748600159,0.01955,2020.19707308197,2020.19945425683,2602000,Liège,Liège,4031,4102,Liège,Liège,4031,4102
397,398,0.00235000000000002,643910.845427128,734495.92516149,646787.253259431,734847.79136598,0.0219,0.01955,2020.19707308197,2020.19942308197,2602000,Liège,Liège,4031,4000,Liège,Liège,4031,4000
398,376,0.000031174860015859,646787.253259431,734847.79136598,648102.63927375,733806.547494919,0.0219311748600159,0.0219,2020.19942308197,2020.19945425683,2602000,Liège,Liège,4000,4000,Liège,Liège,4000,4000
398,399,0.01942,646787.253259431,734847.79136598,644846.462782991,734173.602299866,0.04132,0.0219,2020.19942308197,2020.21884308197,2602000,Liège,Liège,4000,4000,Liège,Liège,4000,4000
399,400,0.00244,644846.462782991,734173.602299866,644366.408225745,733895.272693027,0.04376,0.04132,2020.21884308197,2020.22128308197,2602000,Liège,Liège,4000,4102,Liège,Liège,4000,4102
399,401,0.02185,644846.462782991,734173.602299866,644369.663372333,733793.991504365,0.06317,0.04132,2020.21884308197,2020.24069308197,2602000,Liège,Liège,4000,4102,Liège,Liège,4000,4102
400,377,0.000029174860015857,644366.408225745,733895.272693027,644353.340233885,733904.26002,0.0437891748600159,0.04376,2020.22128308197,2020.22131225683,2602000,Liège,Liège,4102,4102,Liège,Liège,4102,4102
400,378,0.000029174860015857,644366.408225745,733895.272693027,650047.564118298,739448.974321606,0.0437891748600159,0.04376,2020.22128308197,2020.22131225683,2602000,Liège,Liège,4102,4020,Liège,Liège,4102,4020
401,402,0.02186,644369.663372333,733793.991504365,644452.780722778,734206.389878773,0.08503,0.06317,2020.24069308197,2020.26255308197,2602000,Liège,Liège,4102,4102,Liège,Liège,4102,4102
401,379,0.00247717486001588,644369.663372333,733793.991504365,652868.518496332,717843.65718892,0.0656471748600159,0.06317,2020.24069308197,2020.24317025683,2602000,Liège,Liège,4102,4350,Liège,Liège,4102,4350
402,382,0.00247517486001587,644452.780722778,734206.389878773,594045.934422865,687636.437277734,0.0875051748600159,0.08503,2020.26255308197,2020.26502825683,2602000,Liège,Namur,4102,5570,Liège,Namur,4102,5570
402,403,0.00244,644452.780722778,734206.389878773,644366.408225745,733895.272693027,0.08747,0.08503,2020.26255308197,2020.26499308197,2602000,Liège,Liège,4102,4102,Liège,Liège,4102,4102
403,380,0.000035174860015863,644366.408225745,733895.272693027,653530.692990178,740018.944884928,0.0875051748600159,0.08747,2020.26499308197,2020.26502825683,2602000,Liège,Liège,4102,4040,Liège,Liège,4102,4040
403,381,0.000035174860015863,644366.408225745,733895.272693027,650539.004758384,732684.022187045,0.0875051748600159,0.08747,2020.26499308197,2020.26502825683,2602000,Liège,Liège,4102,4430,Liège,Liège,4102,4430
409,410,0.0000430000000000014,641667.005848388,724236.30967194,641801.566282591,724096.285260989,0.0000430000000000014,0,2020.1829093224,2020.1829523224,2602000,Liège,Liège,4400,4400,Liège,Liège,4400,4400
409,411,0.060243,641667.005848388,724236.30967194,646844.234691812,727182.090422661,0.060243,0,2020.1829093224,2020.2431523224,2602000,Liège,Liège,4400,4400,Liège,Liège,4400,4400
410,404,0.082075,641801.566282591,724096.285260989,642111.74585585,724436.455449499,0.082118,0.0000430000000000014,2020.1829523224,2020.2650273224,2602000,Liège,Liège,4400,4400,Liège,Liège,4400,4400
410,405,0.07661,641801.566282591,724096.285260989,643912.135599101,753399.563675994,0.076653,0.0000430000000000014,2020.1829523224,2020.2595623224,2602000,Liège,Liège,4400,4800,Liège,Liège,4400,4800
411,406,0.0000170000000000031,646844.234691812,727182.090422661,614345.755466045,769843.499844412,0.06026,0.060243,2020.2431523224,2020.2431693224,2602000,Liège,Liège,4400,4780,Liège,Liège,4400,4780
411,412,0.00273,646844.234691812,727182.090422661,646814.829732469,727506.409243285,0.062973,0.060243,2020.2431523224,2020.2458823224,2602000,Liège,Liège,4400,4400,Liège,Liège,4400,4400
412,407,0.016412,646814.829732469,727506.409243285,646666.074549348,739514.571832072,0.079385,0.062973,2020.2458823224,2020.2622943224,2602000,Liège,Liège,4400,4030,Liège,Liège,4400,4030
412,408,0.0000190000000000051,646814.829732469,727506.409243285,646817.254383617,727507.461826635,0.062992,0.062973,2020.2458823224,2020.2459013224,2602000,Liège,Liège,4400,4400,Liège,Liège,4400,4400
428,429,0.000564000000000009,675278.772062542,678902.528080765,674551.685176554,677860.592960544,0.000564000000000009,0,2020.10513839891,2020.10570239891,2602000,VlaamsBrabant,VlaamsBrabant,3210,3010,VlaamsBrabant,VlaamsBrabant,3210,3010
428,433,0.000564000000000009,675278.772062542,678902.528080765,674551.685176554,677860.592960544,0.000564000000000009,0,2020.10513839891,2020.10570239891,2602000,VlaamsBrabant,VlaamsBrabant,3210,3010,VlaamsBrabant,VlaamsBrabant,3210,3010
429,413,0.137467,674551.685176554,677860.592960544,701542.407245275,597812.431344649,0.138031,0.000564000000000009,2020.10570239891,2020.24316939891,2602000,VlaamsBrabant,Oost-Vlaanderen,3010,9920,VlaamsBrabant,Oost-Vlaanderen,3010,9920
429,430,0.036071,674551.685176554,677860.592960544,669560.766397561,670842.985656266,0.036635,0.000564000000000009,2020.10570239891,2020.14177339891,2602000,VlaamsBrabant,VlaamsBrabant,3010,3050,VlaamsBrabant,VlaamsBrabant,3010,3050
430,414,0.063144,669560.766397561,670842.985656266,663465.478735325,664238.738935144,0.099779,0.036635,2020.14177339891,2020.20491739891,2602000,VlaamsBrabant,VlaamsBrabant,3050,3090,VlaamsBrabant,VlaamsBrabant,3050,3090
430,431,0.0000290000000000012,669560.766397561,670842.985656266,669835.356492224,670594.052855693,0.036664,0.036635,2020.14177339891,2020.14180239891,2602000,VlaamsBrabant,VlaamsBrabant,3050,3050,VlaamsBrabant,VlaamsBrabant,3050,3050
431,415,0.035793,669835.356492224,670594.052855693,659674.240398067,595733.136710995,0.072457,0.036664,2020.14180239891,2020.17759539891,2602000,VlaamsBrabant,Oost-Vlaanderen,3050,9600,VlaamsBrabant,Oost-Vlaanderen,3050,9600
431,432,0.03577,669835.356492224,670594.052855693,678482.585105874,672922.877693361,0.072434,0.036664,2020.14180239891,2020.17757239891,2602000,VlaamsBrabant,VlaamsBrabant,3050,3012,VlaamsBrabant,VlaamsBrabant,3050,3012
432,416,0.00822000000000001,678482.585105874,672922.877693361,711251.401440588,733775.231448384,0.080654,0.072434,2020.17757239891,2020.18579239891,2602000,VlaamsBrabant,Limburg,3012,3950,VlaamsBrabant,Limburg,3012,3950
432,417,0.0000229999999999952,678482.585105874,672922.877693361,677958.664060374,670797.48289223,0.072457,0.072434,2020.17757239891,2020.17759539891,2602000,VlaamsBrabant,VlaamsBrabant,3012,3020,VlaamsBrabant,VlaamsBrabant,3012,3020
433,418,0.069161,674551.685176554,677860.592960544,613578.769265285,633249.453514938,0.069725,0.000564000000000009,2020.10570239891,2020.17486339891,2602000,VlaamsBrabant,Hainaut,3010,7120,VlaamsBrabant,Hainaut,3010,7120
433,434,0.04898,674551.685176554,677860.592960544,685366.3569451,693799.250913592,0.049544,0.000564000000000009,2020.10570239891,2020.15468239891,2602000,VlaamsBrabant,VlaamsBrabant,3010,3270,VlaamsBrabant,VlaamsBrabant,3010,3270
434,419,0.085754,685366.3569451,693799.250913592,709152.144213282,738872.472328567,0.135298,0.049544,2020.15468239891,2020.24043639891,2602000,VlaamsBrabant,Limburg,3270,3950,VlaamsBrabant,Limburg,3270,3950
434,435,0.00244,685366.3569451,693799.250913592,684579.659238642,692789.953004263,0.051984,0.049544,2020.15468239891,2020.15712239891,2602000,VlaamsBrabant,VlaamsBrabant,3270,3270,VlaamsBrabant,VlaamsBrabant,3270,3270
435,420,0.006812,684579.659238642,692789.953004263,672237.429704783,648851.615239692,0.058796,0.051984,2020.15712239891,2020.16393439891,2602000,VlaamsBrabant,Bruxelles,3270,1000,VlaamsBrabant,Bruxelles,3270,1000
435,436,0.00236,684579.659238642,692789.953004263,677294.421950066,676198.485176452,0.054344,0.051984,2020.15712239891,2020.15948239891,2602000,VlaamsBrabant,VlaamsBrabant,3270,3010,VlaamsBrabant,VlaamsBrabant,3270,3010
436,437,0.00237,677294.421950066,676198.485176452,681774.309178566,691650.20126386,0.056714,0.054344,2020.15948239891,2020.16185239891,2602000,VlaamsBrabant,VlaamsBrabant,3010,3460,VlaamsBrabant,VlaamsBrabant,3010,3460
436,421,0.015381,677294.421950066,676198.485176452,707097.313829951,738469.238111211,0.069725,0.054344,2020.15948239891,2020.17486339891,2602000,VlaamsBrabant,Limburg,3010,3960,VlaamsBrabant,Limburg,3010,3960
437,422,0.004814,681774.309178566,691650.20126386,674049.148912174,675590.685646309,0.061528,0.056714,2020.16185239891,2020.16666639891,2602000,VlaamsBrabant,VlaamsBrabant,3460,3010,VlaamsBrabant,VlaamsBrabant,3460,3010
437,438,0.00243,681774.309178566,691650.20126386,680925.693740068,686079.511077016,0.059144,0.056714,2020.16185239891,2020.16428239891,2602000,VlaamsBrabant,VlaamsBrabant,3460,3390,VlaamsBrabant,VlaamsBrabant,3460,3390
438,423,0.010581,680925.693740068,686079.511077016,715198.573183926,728524.152329409,0.069725,0.059144,2020.16428239891,2020.17486339891,2602000,VlaamsBrabant,Limburg,3390,3910,VlaamsBrabant,Limburg,3390,3910
438,439,0.00236,680925.693740068,686079.511077016,677294.421950066,676198.485176452,0.061504,0.059144,2020.16428239891,2020.16664239891,2602000,VlaamsBrabant,VlaamsBrabant,3390,3010,VlaamsBrabant,VlaamsBrabant,3390,3010
439,424,0.0000239999999999962,677294.421950066,676198.485176452,677340.444318793,675770.144787631,0.061528,0.061504,2020.16664239891,2020.16666639891,2602000,VlaamsBrabant,VlaamsBrabant,3010,3010,VlaamsBrabant,VlaamsBrabant,3010,3010
439,440,0.0223,677294.421950066,676198.485176452,681148.175823634,695176.252837609,0.083804,0.061504,2020.16664239891,2020.18894239891,2602000,VlaamsBrabant,VlaamsBrabant,3010,3460,VlaamsBrabant,VlaamsBrabant,3010,3460
440,441,0.04601,681148.175823634,695176.252837609,672720.300062379,735578.0901682,0.129814,0.083804,2020.18894239891,2020.23495239891,2602000,VlaamsBrabant,Limburg,3460,3740,VlaamsBrabant,Limburg,3460,3740
440,425,0.048762,681148.175823634,695176.252837609,685405.742414438,697273.410598799,0.132566,0.083804,2020.18894239891,2020.23770439891,2602000,VlaamsBrabant,VlaamsBrabant,3460,3293,VlaamsBrabant,VlaamsBrabant,3460,3293
441,426,0.002752,672720.300062379,735578.0901682,702881.261773179,742267.862502894,0.132566,0.129814,2020.23495239891,2020.23770439891,2602000,Limburg,Limburg,3740,3680,Limburg,Limburg,3740,3680
441,427,0.0000199999999999922,672720.300062379,735578.0901682,672859.833220401,736156.794017164,0.129834,0.129814,2020.23495239891,2020.23497239891,2602000,Limburg,Limburg,3740,3740,Limburg,Limburg,3740,3740
445,442,0.042244,724864.414341125,682419.805538261,710135.605498291,666833.798610213,0.042244,0,2020.19819315847,2020.24043715847,2602000,Antwerpen,Antwerpen,2340,2520,Antwerpen,Antwerpen,2340,2520
445,446,0.000890000000000002,724864.414341125,682419.805538261,724524.720523393,682099.57906212,0.000890000000000002,0,2020.19819315847,2020.19908315847,2602000,Antwerpen,Antwerpen,2340,2340,Antwerpen,Antwerpen,2340,2340
446,443,0.0413532404398546,724524.720523393,682099.57906212,697996.749488315,715084.408491684,0.0422432404398546,0.000890000000000002,2020.19908315847,2020.24043639891,2602000,Antwerpen,Limburg,2340,3582,Antwerpen,Limburg,2340,3582
446,444,0.0440862404398546,724524.720523393,682099.57906212,724517.22857162,682071.179680302,0.0449762404398546,0.000890000000000002,2020.19908315847,2020.24316939891,2602000,Antwerpen,Antwerpen,2340,2340,Antwerpen,Antwerpen,2340,2340
454,447,0.042397,695632.402277419,692147.199270507,696456.198080405,698639.750252063,0.042397,0,2020.20077239891,2020.24316939891,13010000,Antwerpen,Limburg,2431,3980,Antwerpen,Limburg,2431,3980
454,455,0.000329999999999997,695632.402277419,692147.199270507,695753.334907162,691850.166791868,0.000329999999999997,0,2020.20077239891,2020.20110239891,13010000,Antwerpen,Antwerpen,2431,2431,Antwerpen,Antwerpen,2431,2431
455,448,0.042067,695753.334907162,691850.166791868,683662.146904377,683947.419240605,0.042397,0.000329999999999997,2020.20110239891,2020.24316939891,13010000,Antwerpen,VlaamsBrabant,2431,3200,Antwerpen,VlaamsBrabant,2431,3200
455,456,0.02322,695753.334907162,691850.166791868,692024.510757901,617357.231313969,0.02355,0.000329999999999997,2020.20110239891,2020.22432239891,13010000,Antwerpen,Oost-Vlaanderen,2431,9270,Antwerpen,Oost-Vlaanderen,2431,9270
456,449,0.018847,692024.510757901,617357.231313969,691487.668209221,607994.91165642,0.042397,0.02355,2020.22432239891,2020.24316939891,13010000,Oost-Vlaanderen,Oost-Vlaanderen,9270,9050,Oost-Vlaanderen,Oost-Vlaanderen,9270,9050
456,457,0.00243,692024.510757901,617357.231313969,695126.330436067,614234.243728145,0.02598,0.02355,2020.22432239891,2020.22675239891,13010000,Oost-Vlaanderen,Oost-Vlaanderen,9270,9080,Oost-Vlaanderen,Oost-Vlaanderen,9270,9080
457,458,0.00849,695126.330436067,614234.243728145,689722.839982893,606437.640155809,0.03447,0.02598,2020.22675239891,2020.23524239891,13010000,Oost-Vlaanderen,Oost-Vlaanderen,9080,9820,Oost-Vlaanderen,Oost-Vlaanderen,9080,9820
457,450,0.0000229999999999918,695126.330436067,614234.243728145,692663.985368161,602073.133064177,0.026003,0.02598,2020.22675239891,2020.22677539891,13010000,Oost-Vlaanderen,Oost-Vlaanderen,9080,9000,Oost-Vlaanderen,Oost-Vlaanderen,9080,9000
458,453,0.007927,689722.839982893,606437.640155809,652820.332059001,625092.478132132,0.042397,0.03447,2020.23524239891,2020.24316939891,13010000,Oost-Vlaanderen,Hainaut,9820,7850,Oost-Vlaanderen,Hainaut,9820,7850
458,459,0.00244,689722.839982893,606437.640155809,687241.962030284,606819.881070644,0.03691,0.03447,2020.23524239891,2020.23768239891,13010000,Oost-Vlaanderen,Oost-Vlaanderen,9820,9820,Oost-Vlaanderen,Oost-Vlaanderen,9820,9820
459,451,0.0000219999999999942,687241.962030284,606819.881070644,677282.685004142,656310.62904865,0.036932,0.03691,2020.23768239891,2020.23770439891,13010000,Oost-Vlaanderen,VlaamsBrabant,9820,1830,Oost-Vlaanderen,VlaamsBrabant,9820,1830
459,452,0.00275399999999999,687241.962030284,606819.881070644,692031.687484799,613387.90512186,0.039664,0.03691,2020.23768239891,2020.24043639891,13010000,Oost-Vlaanderen,Oost-Vlaanderen,9820,9270,Oost-Vlaanderen,Oost-Vlaanderen,9820,9270
475,460,0.06317,673663.81424394,695469.83290202,692945.255612476,706836.77271561,0.06317,0,2020.16360595628,2020.22677595628,2602000,VlaamsBrabant,Limburg,3471,3583,VlaamsBrabant,Limburg,3471,3583
475,476,0.000348999999999988,673663.81424394,695469.83290202,673512.028000096,694852.519614411,0.000348999999999988,0,2020.16360595628,2020.16395495628,2602000,VlaamsBrabant,VlaamsBrabant,3471,3471,VlaamsBrabant,VlaamsBrabant,3471,3471
476,479,0.023478,673512.028000096,694852.519614411,674392.896628381,695872.884838921,0.023827,0.000348999999999988,2020.16395495628,2020.18743295628,2602000,VlaamsBrabant,VlaamsBrabant,3471,3471,VlaamsBrabant,VlaamsBrabant,3471,3471
476,477,0.0000280000000000002,673512.028000096,694852.519614411,672855.855930938,695971.962457231,0.000376999999999988,0.000348999999999988,2020.16395495628,2020.16398295628,2602000,VlaamsBrabant,VlaamsBrabant,3471,3471,VlaamsBrabant,VlaamsBrabant,3471,3471
477,461,0.0791865792399178,672855.855930938,695971.962457231,664873.429676401,687757.756780568,0.0795635792399177,0.000376999999999988,2020.16398295628,2020.24316953552,2602000,VlaamsBrabant,VlaamsBrabant,3471,3300,VlaamsBrabant,VlaamsBrabant,3471,3300
477,478,0.11623,672855.855930938,695971.962457231,679599.626344475,668704.54765546,0.116607,0.000376999999999988,2020.16398295628,2020.28021295628,2602000,VlaamsBrabant,VlaamsBrabant,3471,3020,VlaamsBrabant,VlaamsBrabant,3471,3020
478,462,0.0640495792399178,679599.626344475,668704.54765546,643570.981969667,620044.647210882,0.180656579239918,0.116607,2020.28021295628,2020.34426253552,2602000,VlaamsBrabant,Hainaut,3020,7870,VlaamsBrabant,Hainaut,3020,7870
478,463,0.0667815792399177,679599.626344475,668704.54765546,713622.320494308,676737.924068127,0.183388579239918,0.116607,2020.28021295628,2020.34699453552,2602000,VlaamsBrabant,Antwerpen,3020,2290,VlaamsBrabant,Antwerpen,3020,2290
479,464,0.0420745792399178,674392.896628381,695872.884838921,665395.434728807,666531.370769698,0.0659015792399178,0.023827,2020.18743295628,2020.22950753552,2602000,VlaamsBrabant,VlaamsBrabant,3471,3040,VlaamsBrabant,VlaamsBrabant,3471,3040
479,480,0.00343000000000002,674392.896628381,695872.884838921,672593.336817673,699780.74987775,0.027257,0.023827,2020.18743295628,2020.19086295628,2602000,VlaamsBrabant,VlaamsBrabant,3471,3440,VlaamsBrabant,VlaamsBrabant,3471,3440
480,483,0.01403,672593.336817673,699780.74987775,685306.334190927,688335.619372,0.041287,0.027257,2020.19086295628,2020.20489295628,2602000,VlaamsBrabant,VlaamsBrabant,3440,3202,VlaamsBrabant,VlaamsBrabant,3440,3202
480,481,0.043558,672593.336817673,699780.74987775,640145.233420564,726967.255135163,0.070815,0.027257,2020.19086295628,2020.23442095628,2602000,VlaamsBrabant,Liège,3440,4400,VlaamsBrabant,Liège,3440,4400
481,465,0.0306065792399177,640145.233420564,726967.255135163,638529.118285391,734954.947753286,0.101421579239918,0.070815,2020.23442095628,2020.26502753552,2602000,Liège,Liège,4400,4130,Liège,Liège,4400,4130
481,482,0.000532000000000005,640145.233420564,726967.255135163,640046.166734435,727140.956944774,0.071347,0.070815,2020.23442095628,2020.23495295628,2602000,Liège,Liège,4400,4400,Liège,Liège,4400,4400
482,466,0.0109485792399178,640046.166734435,727140.956944774,638198.781617078,728640.609667553,0.0822955792399177,0.071347,2020.23495295628,2020.24590153552,2602000,Liège,Liège,4400,4121,Liège,Liège,4400,4121
482,467,0.000019579239917758,640046.166734435,727140.956944774,683292.139467294,741087.076445332,0.0713665792399178,0.071347,2020.23495295628,2020.23497253552,2602000,Liège,Limburg,4400,3630,Liège,Limburg,4400,3630
483,468,0.0410085792399178,685306.334190927,688335.619372,673550.112533237,673925.256808772,0.0822955792399177,0.041287,2020.20489295628,2020.24590153552,2602000,VlaamsBrabant,VlaamsBrabant,3202,3000,VlaamsBrabant,VlaamsBrabant,3202,3000
483,484,0.00820000000000001,685306.334190927,688335.619372,685782.814318639,691806.015698605,0.049487,0.041287,2020.20489295628,2020.21309295628,2602000,VlaamsBrabant,VlaamsBrabant,3202,3270,VlaamsBrabant,VlaamsBrabant,3202,3270
484,485,0.01122,685782.814318639,691806.015698605,672366.886657091,706883.982014523,0.060707,0.049487,2020.21309295628,2020.22431295628,2602000,VlaamsBrabant,Limburg,3270,3850,VlaamsBrabant,Limburg,3270,3850
484,469,0.0000215792399177461,685782.814318639,691806.015698605,685587.890600516,691937.101705857,0.0495085792399177,0.049487,2020.21309295628,2020.21311453552,2602000,VlaamsBrabant,VlaamsBrabant,3270,3270,VlaamsBrabant,VlaamsBrabant,3270,3270
485,486,0.00244,672366.886657091,706883.982014523,675340.197789742,707892.234885995,0.063147,0.060707,2020.22431295628,2020.22675295628,2602000,Limburg,Limburg,3850,3850,Limburg,Limburg,3850,3850
485,487,0.00516999999999999,672366.886657091,706883.982014523,670345.550126606,713187.51421533,0.065877,0.060707,2020.22431295628,2020.22948295628,2602000,Limburg,Limburg,3850,3800,Limburg,Limburg,3850,3800
486,470,0.0000225792399177471,675340.197789742,707892.234885995,672297.946764224,699456.307598465,0.0631695792399177,0.063147,2020.22675295628,2020.22677553552,2602000,Limburg,VlaamsBrabant,3850,3440,Limburg,VlaamsBrabant,3850,3440
486,471,0.0000225792399177471,675340.197789742,707892.234885995,675330.078510923,707908.251721243,0.0631695792399177,0.063147,2020.22675295628,2020.22677553552,2602000,Limburg,Limburg,3850,3850,Limburg,Limburg,3850,3850
487,472,0.0000245792399177491,670345.550126606,713187.51421533,670332.212369075,713175.864401236,0.0659015792399177,0.065877,2020.22948295628,2020.22950753552,2602000,Limburg,Limburg,3800,3800,Limburg,Limburg,3800,3800
487,488,0.01093,670345.550126606,713187.51421533,681300.794078376,713553.23813295,0.076807,0.065877,2020.22948295628,2020.24041295628,2602000,Limburg,Limburg,3800,3511,Limburg,Limburg,3800,3511
488,474,0.0000235792399177481,681300.794078376,713553.23813295,678816.555943034,674048.288084577,0.0768305792399177,0.076807,2020.24041295628,2020.24043653552,2602000,Limburg,VlaamsBrabant,3511,3012,Limburg,VlaamsBrabant,3511,3012
488,473,0.0246145792399177,681300.794078376,713553.23813295,680690.094407049,712383.610202482,0.101421579239918,0.076807,2020.24041295628,2020.26502753552,2602000,Limburg,Limburg,3511,3510,Limburg,Limburg,3511,3510
507,508,0.00541999999999999,679017.366615829,657246.714204338,657522.911624012,653013.69039677,0.00541999999999999,0,2020.15620287978,2020.16162287978,2602000,VlaamsBrabant,BrabantWallon,1820,1410,VlaamsBrabant,BrabantWallon,1820,1410
507,514,0.00233999999999999,679017.366615829,657246.714204338,676785.661479515,673691.100121208,0.00233999999999999,0,2020.15620287978,2020.15854287978,2602000,VlaamsBrabant,VlaamsBrabant,1820,3012,VlaamsBrabant,VlaamsBrabant,1820,3012
508,512,0.0000200000000000061,657522.911624012,653013.69039677,657313.881572455,652276.161683109,0.00544,0.00541999999999999,2020.16162287978,2020.16164287978,2602000,BrabantWallon,BrabantWallon,1410,1410,BrabantWallon,BrabantWallon,1410,1410
508,509,0.02128,657522.911624012,653013.69039677,660496.025752468,661495.517411743,0.0267,0.00541999999999999,2020.16162287978,2020.18290287978,2602000,BrabantWallon,VlaamsBrabant,1410,3090,BrabantWallon,VlaamsBrabant,1410,3090
509,510,0.04398,660496.025752468,661495.517411743,678419.011820864,698971.314356567,0.07068,0.0267,2020.18290287978,2020.22688287978,2602000,VlaamsBrabant,VlaamsBrabant,3090,3470,VlaamsBrabant,VlaamsBrabant,3090,3470
509,511,0.001559,660496.025752468,661495.517411743,663910.490256958,664749.331615434,0.028259,0.0267,2020.18290287978,2020.18446187978,2602000,VlaamsBrabant,VlaamsBrabant,3090,3040,VlaamsBrabant,VlaamsBrabant,3090,3040
510,489,0.021751,678419.011820864,698971.314356567,683644.46254889,540277.968097656,0.092431,0.07068,2020.22688287978,2020.24863387978,2602000,VlaamsBrabant,West-Vlaanderen,3470,8647,VlaamsBrabant,West-Vlaanderen,3470,8647
510,490,0.016287,678419.011820864,698971.314356567,674223.124932669,675178.649483298,0.086967,0.07068,2020.22688287978,2020.24316987978,2602000,VlaamsBrabant,VlaamsBrabant,3470,3010,VlaamsBrabant,VlaamsBrabant,3470,3010
511,491,0.058708,663910.490256958,664749.331615434,696859.198987599,560074.436261002,0.086967,0.028259,2020.18446187978,2020.24316987978,2602000,VlaamsBrabant,West-Vlaanderen,3040,8820,VlaamsBrabant,West-Vlaanderen,3040,8820
511,492,0.064172,663910.490256958,664749.331615434,671723.202423013,575565.669120848,0.092431,0.028259,2020.18446187978,2020.24863387978,2602000,VlaamsBrabant,West-Vlaanderen,3040,8530,VlaamsBrabant,West-Vlaanderen,3040,8530
512,493,0.035079,657313.881572455,652276.161683109,652304.322073991,743895.656734807,0.040519,0.00544,2020.16164287978,2020.19672187978,2602000,BrabantWallon,Liège,1410,4671,BrabantWallon,Liège,1410,4671
512,513,0.01593,657313.881572455,652276.161683109,655280.320364787,660896.315243797,0.02137,0.00544,2020.16164287978,2020.17757287978,2602000,BrabantWallon,BrabantWallon,1410,1330,BrabantWallon,BrabantWallon,1410,1330
513,494,0.0000229999999999675,655280.320364787,660896.315243797,655337.056093603,661503.636912564,0.021393,0.02137,2020.17757287978,2020.17759587978,2602000,BrabantWallon,BrabantWallon,1330,1330,BrabantWallon,BrabantWallon,1330,1330
513,495,0.0000229999999999675,655280.320364787,660896.315243797,679336.874000517,577776.81527814,0.021393,0.02137,2020.17757287978,2020.17759587978,2602000,BrabantWallon,West-Vlaanderen,1330,8780,BrabantWallon,West-Vlaanderen,1330,8780
514,520,0.002099,676785.661479515,673691.100121208,678255.495031759,673890.081892112,0.004439,0.00233999999999999,2020.15854287978,2020.16064187978,2602000,VlaamsBrabant,VlaamsBrabant,3012,3012,VlaamsBrabant,VlaamsBrabant,3012,3012
514,515,0.005623,676785.661479515,673691.100121208,675109.440317522,672930.286383964,0.007963,0.00233999999999999,2020.15854287978,2020.16416587978,2602000,VlaamsBrabant,VlaamsBrabant,3012,3000,VlaamsBrabant,VlaamsBrabant,3012,3000
515,518,0.005497,675109.440317522,672930.286383964,675636.045181759,682159.021573532,0.01346,0.007963,2020.16416587978,2020.16966287978,2602000,VlaamsBrabant,VlaamsBrabant,3000,3210,VlaamsBrabant,VlaamsBrabant,3000,3210
515,516,0.00822700000000001,675109.440317522,672930.286383964,672101.164364903,672377.76950675,0.01619,0.007963,2020.16416587978,2020.17239287978,2602000,VlaamsBrabant,VlaamsBrabant,3000,3001,VlaamsBrabant,VlaamsBrabant,3000,3001
516,496,0.00247099999999997,672101.164364903,672377.76950675,676336.009190802,737922.109823575,0.018661,0.01619,2020.17239287978,2020.17486387978,2602000,VlaamsBrabant,Limburg,3001,3620,VlaamsBrabant,Limburg,3001,3620
516,517,0.00244,672101.164364903,672377.76950675,672926.115421337,672669.150850643,0.01863,0.01619,2020.17239287978,2020.17483287978,2602000,VlaamsBrabant,VlaamsBrabant,3001,3001,VlaamsBrabant,VlaamsBrabant,3001,3001
517,497,0.0000309999999999755,672926.115421337,672669.150850643,672644.611539094,672826.428091362,0.018661,0.01863,2020.17483287978,2020.17486387978,2602000,VlaamsBrabant,VlaamsBrabant,3001,3001,VlaamsBrabant,VlaamsBrabant,3001,3001
517,498,0.0000309999999999755,672926.115421337,672669.150850643,700957.245824401,628994.030077121,0.018661,0.01863,2020.17483287978,2020.17486387978,2602000,VlaamsBrabant,Oost-Vlaanderen,3001,9250,VlaamsBrabant,Oost-Vlaanderen,3001,9250
518,501,0.00246799999999997,675636.045181759,682159.021573532,712007.725433224,652363.633883721,0.015928,0.01346,2020.16966287978,2020.17213087978,2602000,VlaamsBrabant,Antwerpen,3210,2000,VlaamsBrabant,Antwerpen,3210,2000
518,519,0.00244,675636.045181759,682159.021573532,672926.115421337,672669.150850643,0.0159,0.01346,2020.16966287978,2020.17210287978,2602000,VlaamsBrabant,VlaamsBrabant,3210,3001,VlaamsBrabant,VlaamsBrabant,3210,3001
519,499,0.0000279999999999725,672926.115421337,672669.150850643,674402.645792525,683965.72453822,0.015928,0.0159,2020.17210287978,2020.17213087978,2602000,VlaamsBrabant,VlaamsBrabant,3001,3210,VlaamsBrabant,VlaamsBrabant,3001,3210
519,500,0.0000279999999999725,672926.115421337,672669.150850643,671307.97389137,649225.626901861,0.015928,0.0159,2020.17210287978,2020.17213087978,2602000,VlaamsBrabant,Bruxelles,3001,1000,VlaamsBrabant,Bruxelles,3001,1000
520,521,0.005991,678255.495031759,673890.081892112,678480.229910321,678343.810954508,0.01043,0.004439,2020.16064187978,2020.16663287978,2602000,VlaamsBrabant,VlaamsBrabant,3012,3220,VlaamsBrabant,VlaamsBrabant,3012,3220
520,522,0.009021,678255.495031759,673890.081892112,678390.031182141,671260.513660636,0.01346,0.004439,2020.16064187978,2020.16966287978,2602000,VlaamsBrabant,VlaamsBrabant,3012,3020,VlaamsBrabant,VlaamsBrabant,3012,3020
521,503,0.0000339999999999785,678480.229910321,678343.810954508,677776.11904781,677208.712792136,0.010464,0.01043,2020.16663287978,2020.16666687978,2602000,VlaamsBrabant,VlaamsBrabant,3220,3220,VlaamsBrabant,VlaamsBrabant,3220,3220
521,502,0.0000339999999999785,678480.229910321,678343.810954508,678550.771589925,678039.439554745,0.010464,0.01043,2020.16663287978,2020.16666687978,2602000,VlaamsBrabant,VlaamsBrabant,3220,3220,VlaamsBrabant,VlaamsBrabant,3220,3220
522,506,0.00520099999999997,678390.031182141,671260.513660636,666161.169674297,563833.099373074,0.018661,0.01346,2020.16966287978,2020.17486387978,2602000,VlaamsBrabant,West-Vlaanderen,3020,8560,VlaamsBrabant,West-Vlaanderen,3020,8560
522,523,0.00244,678390.031182141,671260.513660636,672926.115421337,672669.150850643,0.0159,0.01346,2020.16966287978,2020.17210287978,2602000,VlaamsBrabant,VlaamsBrabant,3020,3001,VlaamsBrabant,VlaamsBrabant,3020,3001
523,505,0.0000279999999999725,672926.115421337,672669.150850643,675465.563468997,672915.22877309,0.015928,0.0159,2020.17210287978,2020.17213087978,2602000,VlaamsBrabant,VlaamsBrabant,3001,3000,VlaamsBrabant,VlaamsBrabant,3001,3000
523,504,0.0000279999999999725,672926.115421337,672669.150850643,688354.186052489,664271.582748244,0.015928,0.0159,2020.17210287978,2020.17213087978,2602000,VlaamsBrabant,Antwerpen,3001,2820,VlaamsBrabant,Antwerpen,3001,2820
530,524,0.002453,666425.517795467,681099.216121672,665979.024206034,681354.262383147,0.002453,0,2020.22432295628,2020.22677595628,2602000,VlaamsBrabant,VlaamsBrabant,3360,3360,VlaamsBrabant,VlaamsBrabant,3360,3360
530,531,0.00516999999999999,666425.517795467,681099.216121672,688606.565234464,707417.725275979,0.00516999999999999,0,2020.22432295628,2020.22949295628,2602000,VlaamsBrabant,Limburg,3360,3560,VlaamsBrabant,Limburg,3360,3560
531,525,0.0000145792399177391,688606.565234464,707417.725275979,688590.870763747,707430.466092694,0.00518457923991773,0.00516999999999999,2020.22949295628,2020.22950753552,2602000,Limburg,Limburg,3560,3560,Limburg,Limburg,3560,3560
531,532,0.01366,688606.565234464,707417.725275979,680229.37166902,680861.141372377,0.01883,0.00516999999999999,2020.22949295628,2020.24315295628,2602000,Limburg,VlaamsBrabant,3560,3220,Limburg,VlaamsBrabant,3560,3220
532,533,0.00273,680229.37166902,680861.141372377,621641.520671312,682231.329264116,0.02156,0.01883,2020.24315295628,2020.24588295628,2602000,VlaamsBrabant,Namur,3220,5170,VlaamsBrabant,Namur,3220,5170
532,526,0.0000165792399177411,680229.37166902,680861.141372377,680306.232734784,680846.025079858,0.0188465792399177,0.01883,2020.24315295628,2020.24316953552,2602000,VlaamsBrabant,VlaamsBrabant,3220,3220,VlaamsBrabant,VlaamsBrabant,3220,3220
533,534,0.01913,621641.520671312,682231.329264116,685431.878043025,723238.23481799,0.04069,0.02156,2020.24588295628,2020.26501295628,2602000,Namur,Limburg,5170,3520,Namur,Limburg,5170,3520
533,527,0.0000185792399177431,621641.520671312,682231.329264116,621679.314788925,682213.562829808,0.0215785792399177,0.02156,2020.24588295628,2020.24590153552,2602000,Namur,Namur,5170,5170,Namur,Namur,5170,5170
534,528,0.0000145792399177391,685431.878043025,723238.23481799,685536.311939326,723258.186533308,0.0407045792399177,0.04069,2020.26501295628,2020.26502753552,2602000,Limburg,Limburg,3520,3520,Limburg,Limburg,3520,3520
534,529,0.0819815792399177,685431.878043025,723238.23481799,729884.608097628,695957.974724877,0.122671579239918,0.04069,2020.26501295628,2020.34699453552,2602000,Limburg,Antwerpen,3520,2380,Limburg,Antwerpen,3520,2380
540,535,0.00086,647398.376031779,735746.642928996,647332.894833078,735704.695639837,0.00086,0,2020.20132579235,2020.20218579235,2602000,Liège,Liège,4020,4020,Liège,Liège,4020,4020
540,541,0.000293000000000002,647398.376031779,735746.642928996,647408.249524625,735866.688051883,0.000293000000000002,0,2020.20132579235,2020.20161879235,2602000,Liège,Liège,4020,4020,Liège,Liège,4020,4020
541,536,0.000567049179876843,647408.249524625,735866.688051883,647766.903135688,734913.249354646,0.000860049179876844,0.000293000000000002,2020.20161879235,2020.20218584153,2602000,Liège,Liège,4020,4000,Liège,Liège,4020,4000
541,542,0.000543999999999996,647408.249524625,735866.688051883,647388.078456845,735888.69580521,0.000836999999999997,0.000293000000000002,2020.20161879235,2020.20216279235,2602000,Liège,Liège,4020,4020,Liège,Liège,4020,4020
542,537,0.0000230491798768467,647388.078456845,735888.69580521,651015.821992468,740387.940139098,0.000860049179876844,0.000836999999999997,2020.20216279235,2020.20218584153,2602000,Liège,Liège,4020,4020,Liège,Liège,4020,4020
542,543,0.00273,647388.078456845,735888.69580521,647497.012441484,736054.074273038,0.003567,0.000836999999999997,2020.20216279235,2020.20489279235,2602000,Liège,Liège,4020,4020,Liège,Liège,4020,4020
543,538,0.0000250491798768418,647497.012441484,736054.074273038,643752.427119752,738517.168412855,0.00359204917987684,0.003567,2020.20489279235,2020.20491784153,2602000,Liège,Liège,4020,4053,Liège,Liège,4020,4053
543,539,0.0546700491798768,647497.012441484,736054.074273038,649913.523027336,732828.600978045,0.0582370491798768,0.003567,2020.20489279235,2020.25956284153,2602000,Liège,Liège,4020,4430,Liège,Liège,4020,4430
548,544,0.042063,726019.400882138,566497.371418855,670735.620756515,540607.406813484,0.042063,0,2020.20930312022,2020.25136612022,2602000,NA,West-Vlaanderen,NA,8908,NA,West-Vlaanderen,NA,8908
548,549,0.02019,726019.400882138,566497.371418855,724740.601929553,565197.009321898,0.02019,0,2020.20930312022,2020.22949312022,2602000,NA,NA,NA,8370,NA,NA,NA,8370
549,545,0.0000150000000000011,724740.601929553,565197.009321898,724727.837231005,565172.207501105,0.020205,0.02019,2020.22949312022,2020.22950812022,2602000,NA,NA,8370,8370,NA,NA,8370,8370
549,550,0.0082,724740.601929553,565197.009321898,667957.704541284,594309.309069778,0.02839,0.02019,2020.22949312022,2020.23769312022,2602000,NA,Oost-Vlaanderen,8370,9700,NA,Oost-Vlaanderen,8370,9700
550,546,0.0000120000000000016,667957.704541284,594309.309069778,667956.911238631,594307.464236937,0.028402,0.02839,2020.23769312022,2020.23770512022,2602000,Oost-Vlaanderen,Oost-Vlaanderen,9700,9700,Oost-Vlaanderen,Oost-Vlaanderen,9700,9700
550,547,0.008209,667957.704541284,594309.309069778,635009.503655984,724497.688236032,0.036599,0.02839,2020.23769312022,2020.24590212022,2602000,Oost-Vlaanderen,Liège,9700,4550,Oost-Vlaanderen,Liège,9700,4550
559,560,0.044038,617128.158642816,651997.77503039,653329.510599788,737698.224956655,0.044038,0,2020.13901510929,2020.18305310929,2602000,Hainaut,Liège,6110,4040,Hainaut,Liège,6110,4040
559,561,0.000338000000000005,617128.158642816,651997.77503039,616175.750738639,648064.019037638,0.000338000000000005,0,2020.13901510929,2020.13935310929,2602000,Hainaut,Hainaut,6110,6534,Hainaut,Hainaut,6110,6534
560,551,0.000007000000000007,653329.510599788,737698.224956655,653254.317343162,737237.606517358,0.044045,0.044038,2020.18305310929,2020.18306010929,2602000,Liège,Liège,4040,4041,Liège,Liège,4040,4041
560,552,0.0710452513700552,653329.510599788,737698.224956655,651044.150579737,740054.132644002,0.115083251370055,0.044038,2020.18305310929,2020.25409836066,2602000,Liège,Liège,4040,4020,Liège,Liège,4040,4020
561,562,0.0355,616175.750738639,648064.019037638,644624.500627959,748333.035259405,0.035838,0.000338000000000005,2020.13935310929,2020.17485310929,2602000,Hainaut,Liège,6534,4630,Hainaut,Liège,6534,4630
561,563,0.03277,616175.750738639,648064.019037638,616555.124805309,650951.141402113,0.033108,0.000338000000000005,2020.13935310929,2020.17212310929,2602000,Hainaut,Hainaut,6534,6110,Hainaut,Hainaut,6534,6110
562,553,0.00274225137005517,644624.500627959,748333.035259405,642347.447131056,729838.658272942,0.0385802513700552,0.035838,2020.17485310929,2020.17759536066,2602000,Liège,Liège,4630,4100,Liège,Liège,4630,4100
562,554,0.000010251370055156,644624.500627959,748333.035259405,644609.987120652,748321.670461298,0.0358482513700552,0.035838,2020.17485310929,2020.17486336066,2602000,Liège,Liège,4630,4630,Liège,Liège,4630,4630
563,555,0.00000725137005516685,616555.124805309,650951.141402113,616497.467929696,650730.970837039,0.0331152513700552,0.033108,2020.17212310929,2020.17213036066,2602000,Hainaut,Hainaut,6110,6110,Hainaut,Hainaut,6110,6110
563,564,0.00273,616555.124805309,650951.141402113,654895.539462816,761896.162351005,0.035838,0.033108,2020.17212310929,2020.17485310929,2602000,Hainaut,Liège,6110,4841,Hainaut,Liège,6110,4841
564,556,0.00274225137005517,654895.539462816,761896.162351005,634552.343793883,724432.133961774,0.0385802513700552,0.035838,2020.17485310929,2020.17759536066,2602000,Liège,Liège,4841,4550,Liège,Liège,4841,4550
564,565,0.00273,654895.539462816,761896.162351005,654895.539462816,761896.162351005,0.038568,0.035838,2020.17485310929,2020.17758310929,2602000,Liège,Liège,4841,4841,Liège,Liège,4841,4841
565,557,0.000012251370055158,654895.539462816,761896.162351005,655010.755787554,762806.86975201,0.0385802513700551,0.038568,2020.17758310929,2020.17759536066,2602000,Liège,Liège,4841,4841,Liège,Liège,4841,4841
565,558,0.0491922513700552,654895.539462816,761896.162351005,618121.097215688,651407.400855015,0.0877602513700552,0.038568,2020.17758310929,2020.22677536066,2602000,Liège,Hainaut,4841,6110,Liège,Hainaut,4841,6110
571,572,0.000229999999999994,724944.332838896,676214.981409267,724972.86417504,676240.682642091,0.000229999999999994,0,2020.17990299454,2020.18013299454,2602000,Antwerpen,Antwerpen,2310,2310,Antwerpen,Antwerpen,2310,2310
571,573,0.04959,724944.332838896,676214.981409267,724653.193734934,675269.687595658,0.04959,0,2020.17990299454,2020.22949299454,2602000,Antwerpen,Antwerpen,2310,2310,Antwerpen,Antwerpen,2310,2310
572,566,0.035714,724972.86417504,676240.682642091,725425.79318517,676273.838018777,0.035944,0.000229999999999994,2020.18013299454,2020.21584699454,2602000,Antwerpen,Antwerpen,2310,2310,Antwerpen,Antwerpen,2310,2310
572,567,0.065768644799975,724972.86417504,676240.682642091,725220.47612821,661630.799342187,0.065998644799975,0.000229999999999994,2020.18013299454,2020.24590163934,2602000,Antwerpen,Antwerpen,2310,2930,Antwerpen,Antwerpen,2310,2930
573,568,0.000014644799975011,724653.193734934,675269.687595658,619268.144389093,663719.991707072,0.049604644799975,0.04959,2020.22949299454,2020.22950763934,2602000,Antwerpen,Hainaut,2310,6250,Antwerpen,Hainaut,2310,6250
573,574,0.01093,724653.193734934,675269.687595658,705791.921781044,671155.322161739,0.06052,0.04959,2020.22949299454,2020.24042299454,2602000,Antwerpen,Antwerpen,2310,2560,Antwerpen,Antwerpen,2310,2560
574,569,0.00001364479997501,705791.921781044,671155.322161739,705794.380882685,671153.430006896,0.060533644799975,0.06052,2020.24042299454,2020.24043663934,2602000,Antwerpen,Antwerpen,2560,2560,Antwerpen,Antwerpen,2560,2560
574,570,0.00274664479997501,705791.921781044,671155.322161739,702452.827728692,667954.942566759,0.063266644799975,0.06052,2020.24042299454,2020.24316963934,2602000,Antwerpen,Antwerpen,2560,2560,Antwerpen,Antwerpen,2560,2560
579,580,0.000161999999999995,648296.62838148,751067.179303423,648284.124928363,751088.379718063,0.000161999999999995,0,2020.19729108197,2020.19745308197,2602000,Liège,Liège,4650,4650,Liège,Liège,4650,4650
579,581,0.026742,648296.62838148,751067.179303423,656680.653104087,633765.89879038,0.026742,0,2020.19729108197,2020.22403308197,2602000,Liège,BrabantWallon,4650,1480,Liège,BrabantWallon,4650,1480
580,575,0.064842,648284.124928363,751088.379718063,638839.13732636,737358.121272238,0.065004,0.000161999999999995,2020.19745308197,2020.26229508197,2602000,Liège,Liège,4650,4130,Liège,Liège,4650,4130
580,576,0.048449,648284.124928363,751088.379718063,648095.480354975,751189.117838704,0.048611,0.000161999999999995,2020.19745308197,2020.24590208197,2602000,Liège,Liège,4650,4650,Liège,Liège,4650,4650
581,577,0.0000109999999999971,656680.653104087,633765.89879038,653766.978241712,654531.150350743,0.026753,0.026742,2020.22403308197,2020.22404408197,2602000,BrabantWallon,BrabantWallon,1480,1380,BrabantWallon,BrabantWallon,1480,1380
581,578,0.0000109999999999971,656680.653104087,633765.89879038,656679.730805332,633763.770828808,0.026753,0.026742,2020.22403308197,2020.22404408197,2602000,BrabantWallon,BrabantWallon,1480,1480,BrabantWallon,BrabantWallon,1480,1480
588,582,0.018599,654453.077780654,737084.479451021,654254.397301449,737410.607864571,0.018599,0,2020.17812231148,2020.19672131148,2602000,Liège,Liège,4041,4040,Liège,Liège,4041,4040
588,589,0.04074,654453.077780654,737084.479451021,654126.366536884,734090.658177404,0.04074,0,2020.17812231148,2020.21886231148,2602000,Liège,Liège,4041,4042,Liège,Liège,4041,4042
589,590,0.00244,654126.366536884,734090.658177404,651782.032969991,734121.09689657,0.04318,0.04074,2020.21886231148,2020.22130231148,2602000,Liège,Liège,4042,4000,Liège,Liège,4042,4000
589,591,0.00244,654126.366536884,734090.658177404,651782.032969991,734121.09689657,0.04318,0.04074,2020.21886231148,2020.22130231148,2602000,Liège,Liège,4042,4000,Liège,Liège,4042,4000
590,583,0.00000953005003646173,651782.032969991,734121.09689657,639597.5345639,730155.996941926,0.0431895300500365,0.04318,2020.22130231148,2020.22131184153,2602000,Liège,Liège,4000,4100,Liège,Liège,4000,4100
590,584,0.00000953005003646173,651782.032969991,734121.09689657,651762.810171647,734138.13737403,0.0431895300500365,0.04318,2020.22130231148,2020.22131184153,2602000,Liège,Liège,4000,4000,Liège,Liège,4000,4000
591,585,0.00000953005003646173,651782.032969991,734121.09689657,649589.587357881,705962.666381435,0.0431895300500365,0.04318,2020.22130231148,2020.22131184153,2602000,Liège,Liège,4000,4250,Liège,Liège,4000,4250
591,592,0.02186,651782.032969991,734121.09689657,630878.302957759,732432.342810212,0.06504,0.04318,2020.22130231148,2020.24316231148,2602000,Liège,Liège,4000,4160,Liège,Liège,4000,4160
592,586,0.0000075300500364528,630878.302957759,732432.342810212,630878.069547818,732397.810827023,0.0650475300500365,0.06504,2020.24316231148,2020.24316984153,2602000,Liège,Liège,4160,4160,Liège,Liège,4160,4160
592,587,0.0164005300500365,630878.302957759,732432.342810212,667781.602412771,652299.518075062,0.0814405300500365,0.06504,2020.24316231148,2020.25956284153,2602000,Liège,Bruxelles,4160,1050,Liège,Bruxelles,4160,1050
598,593,0.0000290000000000012,641089.334758452,706515.438582471,641093.68875782,706501.787212927,0.0000290000000000012,0,2020.29505296721,2020.29508196721,2602000,Liège,Liège,4520,4520,Liège,Liège,4520,4520
598,599,0.05227,641089.334758452,706515.438582471,651397.448154149,731635.314099524,0.05227,0,2020.29505296721,2020.34732296721,2602000,Liège,Liège,4520,4432,Liège,Liège,4520,4432
599,600,0.0051,651397.448154149,731635.314099524,651032.271234246,731285.87678746,0.05737,0.05227,2020.34732296721,2020.35242296721,2602000,Liège,Liège,4432,4430,Liège,Liège,4432,4430
599,601,0.00237,651397.448154149,731635.314099524,649574.545227434,741104.61331564,0.05464,0.05227,2020.34732296721,2020.34969296721,2602000,Liège,Liège,4432,4610,Liège,Liège,4432,4610
600,594,0.000035530059813528,651032.271234246,731285.87678746,656744.256591451,730017.484190977,0.0574055300598135,0.05737,2020.35242296721,2020.35245849727,2602000,Liège,Liège,4430,4432,Liège,Liège,4430,4432
600,595,0.000035530059813528,651032.271234246,731285.87678746,651030.336508111,731285.218641145,0.0574055300598135,0.05737,2020.35242296721,2020.35245849727,2602000,Liège,Liège,4430,4430,Liège,Liège,4430,4430
601,596,0.00823053005981353,649574.545227434,741104.61331564,636387.802382738,727274.72093111,0.0628705300598135,0.05464,2020.34969296721,2020.35792349727,2602000,Liège,Liège,4610,4120,Liège,Liège,4610,4120
601,597,0.000033530059813526,649574.545227434,741104.61331564,649574.075933813,741093.203564466,0.0546735300598135,0.05464,2020.34969296721,2020.34972649727,2602000,Liège,Liège,4610,4610,Liège,Liège,4610,4610
606,607,0.00244,651959.926762005,740167.856214404,651702.759500681,738032.446762505,0.00244,0,2020.17514262842,2020.17758262842,2602000,Liège,Liège,4020,4040,Liège,Liège,4020,4040
606,608,0.00244,651959.926762005,740167.856214404,651702.759500681,738032.446762505,0.00244,0,2020.17514262842,2020.17758262842,2602000,Liège,Liège,4020,4040,Liège,Liège,4020,4040
607,602,0.000013,651702.759500681,738032.446762505,635179.80583113,753661.971229135,0.002453,0.00244,2020.17758262842,2020.17759562842,2602000,Liège,Liège,4040,4910,Liège,Liège,4040,4910
607,603,0.000013,651702.759500681,738032.446762505,651717.883791085,737989.699884083,0.002453,0.00244,2020.17758262842,2020.17759562842,2602000,Liège,Liège,4040,4040,Liège,Liège,4040,4040
608,604,0.000013,651702.759500681,738032.446762505,648319.176826482,723753.240422477,0.002453,0.00244,2020.17758262842,2020.17759562842,2602000,Liège,Liège,4040,4460,Liège,Liège,4040,4460
608,605,0.000013,651702.759500681,738032.446762505,646370.745500357,747312.713222963,0.002453,0.00244,2020.17758262842,2020.17759562842,2602000,Liège,Liège,4040,4630,Liège,Liège,4040,4630
617,609,0.000005000000000005,675108.216054513,638354.978864555,675107.217392759,638341.588283139,0.000005000000000005,0,2020.18032286885,2020.18032786885,2602000,VlaamsBrabant,VlaamsBrabant,1700,1700,VlaamsBrabant,VlaamsBrabant,1700,1700
617,618,0.01984,675108.216054513,638354.978864555,644000.395979026,744172.146698221,0.01984,0,2020.18032286885,2020.20016286885,2602000,VlaamsBrabant,Liège,1700,4877,VlaamsBrabant,Liège,1700,4877
618,610,0.0129522131199241,644000.395979026,744172.146698221,631648.382785821,732039.610512537,0.0327922131199241,0.01984,2020.20016286885,2020.21311508197,2602000,Liège,Liège,4877,4160,Liège,Liège,4877,4160
618,619,0.03552,644000.395979026,744172.146698221,646649.597508094,741784.007821938,0.05536,0.01984,2020.20016286885,2020.23568286885,2602000,Liège,Liège,4877,4610,Liège,Liège,4877,4610
619,620,0.00504,646649.597508094,741784.007821938,646647.808006268,741829.643598208,0.0604,0.05536,2020.23568286885,2020.24072286885,2602000,Liège,Liège,4610,4610,Liège,Liège,4610,4610
619,621,0.00237,646649.597508094,741784.007821938,647196.278882448,741821.355256267,0.05773,0.05536,2020.23568286885,2020.23805286885,2602000,Liège,Liège,4610,4610,Liège,Liège,4610,4610
620,611,0.00244721311992406,646647.808006268,741829.643598208,631943.641863436,738654.264028761,0.0628472131199241,0.0604,2020.24072286885,2020.24317008197,2602000,Liège,Liège,4610,4140,Liège,Liège,4610,4140
620,612,0.00244721311992406,646647.808006268,741829.643598208,647639.102205675,741612.25490094,0.0628472131199241,0.0604,2020.24072286885,2020.24317008197,2602000,Liège,Liège,4610,4610,Liège,Liège,4610,4610
621,622,0.00737699999999999,647196.278882448,741821.355256267,645218.758931378,740517.763454104,0.065107,0.05773,2020.23805286885,2020.24542986885,2602000,Liège,Liège,4610,4624,Liège,Liège,4610,4624
621,623,0.018767,647196.278882448,741821.355256267,645785.794940447,739961.493113721,0.076497,0.05773,2020.23805286885,2020.25681986885,2602000,Liège,Liège,4610,4610,Liège,Liège,4610,4610
622,613,0.000472213119924056,645218.758931378,740517.763454104,645326.548071377,740333.145859531,0.0655792131199241,0.065107,2020.24542986885,2020.24590208197,2602000,Liège,Liège,4624,4610,Liège,Liège,4624,4610
622,614,0.0114012131199241,645218.758931378,740517.763454104,645799.378063769,729646.234454007,0.076508213119924,0.065107,2020.24542986885,2020.25683108197,2602000,Liège,Liège,4624,4101,Liège,Liège,4624,4101
623,615,0.0000112131199240528,645785.794940447,739961.493113721,647168.783827991,740310.727939849,0.0765082131199241,0.076497,2020.25681986885,2020.25683108197,2602000,Liège,Liège,4610,4610,Liège,Liège,4610,4610
623,616,0.00547521311992405,645785.794940447,739961.493113721,644563.196729722,732685.852121126,0.0819722131199241,0.076497,2020.25681986885,2020.26229508197,2602000,Liège,Liège,4610,4102,Liège,Liège,4610,4102
627,626,0.002451,645157.070369016,747576.486565516,617795.612772019,715689.948299712,0.002451,0,2020.17241238798,2020.17486338798,2602000,Liège,Namur,4630,5370,Liège,Namur,4630,5370
627,628,0.00244,645157.070369016,747576.486565516,645100.164167853,747509.566574523,0.00244,0,2020.17241238798,2020.17485238798,2602000,Liège,Liège,4630,4630,Liège,Liège,4630,4630
628,624,0.0000110000000000002,645100.164167853,747509.566574523,645108.706499476,747519.353380428,0.002451,0.00244,2020.17485238798,2020.17486338798,2602000,Liège,Liège,4630,4630,Liège,Liège,4630,4630
628,625,0.0000110000000000002,645100.164167853,747509.566574523,651729.57933524,749643.37131055,0.002451,0.00244,2020.17485238798,2020.17486338798,2602000,Liège,Liège,4630,4651,Liège,Liège,4630,4651
632,629,0.035321,691267.585242287,728262.379731,691662.022734166,728682.290451365,0.035321,0,2020.13954238798,2020.17486338798,2602000,Limburg,Limburg,3530,3530,Limburg,Limburg,3530,3530
632,633,0.03834,691267.585242287,728262.379731,687501.52409285,722991.983132674,0.03834,0,2020.13954238798,2020.17788238798,2602000,Limburg,Limburg,3530,3520,Limburg,Limburg,3530,3520
633,630,0.00244520217994649,687501.52409285,722991.983132674,688122.264827738,719304.439016901,0.0407852021799465,0.03834,2020.17788238798,2020.18032759016,2602000,Limburg,Limburg,3520,3520,Limburg,Limburg,3520,3520
633,631,0.0106422021799465,687501.52409285,722991.983132674,687655.736223453,723135.757876948,0.0489822021799465,0.03834,2020.17788238798,2020.18852459016,2602000,Limburg,Limburg,3520,3520,Limburg,Limburg,3520,3520
641,644,0.043366,643933.321098686,727979.165290452,645963.824336288,729422.869105103,0.043366,0,2020.16900284153,2020.21236884153,2602000,Liège,Liège,4400,4101,Liège,Liège,4400,4101
641,642,0.090148,643933.321098686,727979.165290452,643828.792019566,728388.679896063,0.090148,0,2020.16900284153,2020.25915084153,2602000,Liège,Liège,4400,4400,Liège,Liège,4400,4400
642,634,0.000411999999999996,643828.792019566,728388.679896063,643750.593209959,728317.026644858,0.09056,0.090148,2020.25915084153,2020.25956284153,2602000,Liège,Liège,4400,4400,Liège,Liège,4400,4400
642,643,0.003066,643828.792019566,728388.679896063,643445.618196025,729290.839452273,0.093214,0.090148,2020.25915084153,2020.26221684153,2602000,Liège,Liège,4400,4100,Liège,Liège,4400,4100
643,635,0.0000791256801390416,643445.618196025,729290.839452273,643327.630329213,729251.215846753,0.093293125680139,0.093214,2020.26221684153,2020.26229596721,2602000,Liège,Liège,4100,4100,Liège,Liège,4100,4100
643,636,0.0000791256801390416,643445.618196025,729290.839452273,645516.235236805,731687.37187844,0.093293125680139,0.093214,2020.26221684153,2020.26229596721,2602000,Liège,Liège,4100,4100,Liège,Liège,4100,4100
644,637,0.033532125680139,645963.824336288,729422.869105103,647198.521708139,759302.387536514,0.076898125680139,0.043366,2020.21236884153,2020.24590096721,2602000,Liège,Liège,4101,4831,Liège,Liège,4101,4831
644,645,0.00055899999999999,645963.824336288,729422.869105103,645927.640596446,729395.132912229,0.043925,0.043366,2020.21236884153,2020.21292784153,2602000,Liège,Liège,4101,4101,Liège,Liège,4101,4101
645,646,0.064065,645927.640596446,729395.132912229,657394.431070351,737146.398301538,0.10799,0.043925,2020.21292784153,2020.27699284153,2602000,Liège,Liège,4101,4680,Liège,Liège,4101,4680
645,638,0.000187125680139053,645927.640596446,729395.132912229,646029.954772235,729584.330666394,0.044112125680139,0.043925,2020.21292784153,2020.21311496721,2602000,Liège,Liège,4101,4101,Liège,Liège,4101,4101
646,639,0.018089125680139,657394.431070351,737146.398301538,657177.804850128,739441.68047054,0.126079125680139,0.10799,2020.27699284153,2020.29508196721,2602000,Liège,Liège,4680,4680,Liège,Liège,4680,4680
646,640,0.018089125680139,657394.431070351,737146.398301538,657625.791460311,737463.357327077,0.126079125680139,0.10799,2020.27699284153,2020.29508196721,2602000,Liège,Liège,4680,4680,Liège,Liège,4680,4680
652,647,0.023023,621820.321239655,621110.801849646,621462.01417369,620604.532346784,0.023023,0,2020.18735951366,2020.21038251366,2602000,Hainaut,Hainaut,7022,7040,Hainaut,Hainaut,7022,7040
652,653,0.019203,621820.321239655,621110.801849646,622049.201797664,630674.506677299,0.019203,0,2020.18735951366,2020.20656251366,2602000,Hainaut,Hainaut,7022,7120,Hainaut,Hainaut,7022,7120
653,648,0.0420708469999304,622049.201797664,630674.506677299,657539.412963268,545440.536995205,0.0612738469999304,0.019203,2020.20656251366,2020.24863336066,2602000,Hainaut,Hainaut,7120,7782,Hainaut,Hainaut,7120,7782
653,654,0.01775,622049.201797664,630674.506677299,623773.208952656,625725.72745023,0.036953,0.019203,2020.20656251366,2020.22431251366,2602000,Hainaut,Hainaut,7120,7022,Hainaut,Hainaut,7120,7022
654,651,0.00246284699993037,623773.208952656,625725.72745023,623431.798995666,646915.571713831,0.0394158469999304,0.036953,2020.22431251366,2020.22677536066,2602000,Hainaut,Hainaut,7022,6141,Hainaut,Hainaut,7022,6141
654,655,0.00517,623773.208952656,625725.72745023,624009.274983191,612443.096986366,0.042123,0.036953,2020.22431251366,2020.22948251366,2602000,Hainaut,Hainaut,7022,7340,Hainaut,Hainaut,7022,7340
655,649,0.0000248469999303697,624009.274983191,612443.096986366,623949.589230053,612004.203828413,0.0421478469999304,0.042123,2020.22948251366,2020.22950736066,2602000,Hainaut,Hainaut,7340,7340,Hainaut,Hainaut,7340,7340
655,650,0.0246158469999304,624009.274983191,612443.096986366,625143.991150846,738324.736095045,0.0667388469999304,0.042123,2020.22948251366,2020.25409836066,2602000,Hainaut,Liège,7340,4190,Hainaut,Liège,7340,4190
662,663,0.00251000000000001,649559.085803155,735954.702089655,647293.452183075,737526.046370503,0.00251000000000001,0,2020.19431236066,2020.19682236066,2602000,Liège,Liège,4000,4030,Liège,Liège,4000,4030
662,664,0.01878,649559.085803155,735954.702089655,649469.24253901,735673.591767589,0.01878,0,2020.19431236066,2020.21309236066,2602000,Liège,Liège,4000,4000,Liège,Liège,4000,4000
663,656,0.057276,647293.452183075,737526.046370503,647304.975123657,737987.333251656,0.059786,0.00251000000000001,2020.19682236066,2020.25409836066,2602000,Liège,Liège,4030,4030,Liège,Liège,4030,4030
663,657,0.161101136609885,647293.452183075,737526.046370503,640928.066433599,764832.263624172,0.163611136609885,0.00251000000000001,2020.19682236066,2020.35792349727,2602000,Liège,Liège,4030,4845,Liège,Liège,4030,4845
664,658,0.0000221366098848153,649469.24253901,735673.591767589,649481.294448146,735671.368853717,0.0188021366098848,0.01878,2020.21309236066,2020.21311449727,2602000,Liège,Liège,4000,4000,Liège,Liège,4000,4000
664,665,0.03041,649469.24253901,735673.591767589,638565.343448999,732180.223768883,0.04919,0.01878,2020.21309236066,2020.24350236066,2602000,Liège,Liège,4000,4122,Liège,Liège,4000,4122
665,659,0.0515791366098848,638565.343448999,732180.223768883,639255.801093339,732987.724961974,0.100769136609885,0.04919,2020.24350236066,2020.29508149727,2602000,Liège,Liège,4122,4122,Liège,Liège,4122,4122
665,666,0.00238000000000001,638565.343448999,732180.223768883,638505.893798757,731930.735633098,0.05157,0.04919,2020.24350236066,2020.24588236066,2602000,Liège,Liège,4122,4122,Liège,Liège,4122,4122
666,660,0.0491991366098848,638505.893798757,731930.735633098,638396.861357709,731005.952128491,0.100769136609885,0.05157,2020.24588236066,2020.29508149727,2602000,Liège,Liège,4122,4122,Liège,Liège,4122,4122
666,661,0.0000191366098847845,638505.893798757,731930.735633098,651194.930877229,741152.8050435,0.0515891366098848,0.05157,2020.24588236066,2020.24590149727,2602000,Liège,Liège,4122,4020,Liège,Liège,4122,4020
672,667,0.057431,695815.381933906,647055.203620035,693822.45838987,638265.019344676,0.057431,0,2020.20486408197,2020.26229508197,2602000,Antwerpen,Antwerpen,2870,2890,Antwerpen,Antwerpen,2870,2890
672,673,0.000293000000000015,695815.381933906,647055.203620035,695837.209357844,647107.891414899,0.000293000000000015,0,2020.20486408197,2020.20515708197,2602000,Antwerpen,Antwerpen,2870,2870,Antwerpen,Antwerpen,2870,2870
673,668,0.0434764808699322,695837.209357844,647107.891414899,696616.909394222,651073.482081308,0.0437694808699323,0.000293000000000015,2020.20515708197,2020.24863356284,2602000,Antwerpen,Antwerpen,2870,2830,Antwerpen,Antwerpen,2870,2830
673,674,0.00056599999999999,695837.209357844,647107.891414899,695808.9122566,646889.835080753,0.000859000000000006,0.000293000000000015,2020.20515708197,2020.20572308197,2602000,Antwerpen,Antwerpen,2870,2870,Antwerpen,Antwerpen,2870,2870
674,669,0.0292494808699322,695808.9122566,646889.835080753,672817.010518605,531155.447579934,0.0301084808699322,0.000859000000000006,2020.20572308197,2020.23497256284,2602000,Antwerpen,West-Vlaanderen,2870,8970,Antwerpen,West-Vlaanderen,2870,8970
674,675,0.04287,695808.9122566,646889.835080753,695408.003773174,645578.351043043,0.043729,0.000859000000000006,2020.20572308197,2020.24859308197,2602000,Antwerpen,Antwerpen,2870,2870,Antwerpen,Antwerpen,2870,2870
675,670,0.0000404808699322398,695408.003773174,645578.351043043,695417.485869444,645601.969002141,0.0437694808699322,0.043729,2020.24859308197,2020.24863356284,2602000,Antwerpen,Antwerpen,2870,2870,Antwerpen,Antwerpen,2870,2870
675,671,0.0191664808699322,695408.003773174,645578.351043043,708792.81852146,645378.256369105,0.0628954808699322,0.043729,2020.24859308197,2020.26775956284,2602000,Antwerpen,Oost-Vlaanderen,2870,9150,Antwerpen,Oost-Vlaanderen,2870,9150
679,678,0.002461,627641.453659475,628147.940493189,627769.056706198,628274.842073467,0.002461,0,2020.17240238798,2020.17486338798,2602000,Hainaut,Hainaut,7021,7021,Hainaut,Hainaut,7021,7021
679,680,0.00244,627641.453659475,628147.940493189,661811.699447299,645497.706560596,0.00244,0,2020.17240238798,2020.17484238798,2602000,Hainaut,VlaamsBrabant,7021,1650,Hainaut,VlaamsBrabant,7021,1650
680,676,0.0000210000000000002,661811.699447299,645497.706560596,727525.586831813,658991.869518966,0.002461,0.00244,2020.17484238798,2020.17486338798,2602000,VlaamsBrabant,Antwerpen,1650,2920,VlaamsBrabant,Antwerpen,1650,2920
680,677,0.0000210000000000002,661811.699447299,645497.706560596,661849.802625955,645535.839826568,0.002461,0.00244,2020.17484238798,2020.17486338798,2602000,VlaamsBrabant,VlaamsBrabant,1650,1650,VlaamsBrabant,VlaamsBrabant,1650,1650
707,711,0.000636999999999999,644012.280222219,746215.800459554,643697.931718721,746229.187461276,0.000636999999999999,0,2020.13667695628,2020.13731395628,2602000,Liège,Liège,4877,4877,Liège,Liège,4877,4877
707,708,0.000635999999999998,644012.280222219,746215.800459554,644054.893464942,743943.842529319,0.000635999999999998,0,2020.13667695628,2020.13731295628,2602000,Liège,Liège,4877,4623,Liège,Liège,4877,4623
708,681,0.089463,644054.893464942,743943.842529319,645506.874758134,760766.720526463,0.090099,0.000635999999999998,2020.13731295628,2020.22677595628,2602000,Liège,Liège,4623,4830,Liège,Liège,4623,4830
708,709,0.04533,644054.893464942,743943.842529319,650683.550966353,750327.114537329,0.045966,0.000635999999999998,2020.13731295628,2020.18264295628,2602000,Liège,Liège,4623,4651,Liège,Liège,4623,4651
709,684,0.03047106010985,650683.550966353,750327.114537329,647789.471518446,748033.396650756,0.07643706010985,0.045966,2020.18264295628,2020.21311401639,2602000,Liège,Liège,4651,4633,Liège,Liège,4651,4633
709,710,0.04412,650683.550966353,750327.114537329,626884.880906867,610678.614996224,0.090086,0.045966,2020.18264295628,2020.22676295628,2602000,Liège,Hainaut,4651,7330,Liège,Hainaut,4651,7330
710,683,0.0000120601098499429,626884.880906867,610678.614996224,626855.407875056,610738.313739381,0.0900980601098499,0.090086,2020.22676295628,2020.22677501639,2602000,Hainaut,Hainaut,7330,7330,Hainaut,Hainaut,7330,7330
710,682,0.01367306010985,626884.880906867,610678.614996224,619985.116568005,614566.2736534,0.10375906010985,0.090086,2020.22676295628,2020.24043601639,2602000,Hainaut,Hainaut,7330,7080,Hainaut,Hainaut,7330,7080
711,712,0.13043,643697.931718721,746229.187461276,647139.07237193,756583.076716531,0.131067,0.000636999999999999,2020.13731395628,2020.26774395628,2602000,Liège,Liège,4877,4821,Liège,Liège,4877,4821
711,713,0.017098,643697.931718721,746229.187461276,642290.116053191,739394.033440579,0.017735,0.000636999999999999,2020.13731395628,2020.15441195628,2602000,Liège,Liège,4877,4050,Liège,Liège,4877,4050
712,685,0.0000160601098499469,647139.07237193,756583.076716531,638751.491626555,726303.143267771,0.13108306010985,0.131067,2020.26774395628,2020.26776001639,2602000,Liège,Liège,4821,4121,Liège,Liège,4821,4121
712,686,0.0000160601098499469,647139.07237193,756583.076716531,647225.183108953,756683.21180853,0.13108306010985,0.131067,2020.26774395628,2020.26776001639,2602000,Liège,Liège,4821,4821,Liège,Liège,4821,4821
713,714,0.029028,642290.116053191,739394.033440579,639211.932044456,737541.037900991,0.046763,0.017735,2020.15441195628,2020.18343995628,2602000,Liège,Liège,4050,4130,Liège,Liège,4050,4130
713,718,0.000374999999999986,642290.116053191,739394.033440579,642133.139269091,739898.105227963,0.01811,0.017735,2020.15441195628,2020.15478695628,2602000,Liège,Liège,4050,4050,Liège,Liège,4050,4050
714,715,0.062444,639211.932044456,737541.037900991,647162.742343102,763269.303896862,0.109207,0.046763,2020.18343995628,2020.24588395628,2602000,Liège,Liège,4130,4837,Liège,Liège,4130,4837
714,716,0.000367000000000006,639211.932044456,737541.037900991,640293.619587507,738657.33292068,0.04713,0.046763,2020.18343995628,2020.18380695628,2602000,Liège,Liège,4130,4052,Liège,Liège,4130,4052
715,687,0.01914406010985,647162.742343102,763269.303896862,643713.069664477,744033.413240361,0.12835106010985,0.109207,2020.24588395628,2020.26502801639,2602000,Liège,Liège,4837,4623,Liège,Liège,4837,4623
715,688,0.0000180601098499628,647162.742343102,763269.303896862,651745.926360375,763561.694936342,0.10922506010985,0.109207,2020.24588395628,2020.24590201639,2602000,Liège,Liège,4837,4840,Liège,Liège,4837,4840
716,689,0.02930806010985,640293.619587507,738657.33292068,643032.149774,737413.799269093,0.07643806010985,0.04713,2020.18380695628,2020.21311501639,2602000,Liège,Liège,4052,4053,Liège,Liège,4052,4053
716,717,0.000376999999999988,640293.619587507,738657.33292068,639935.66748858,739584.326665521,0.047507,0.04713,2020.18380695628,2020.18418395628,2602000,Liège,Liège,4052,4052,Liège,Liège,4052,4052
717,691,0.05078906010985,639935.66748858,739584.326665521,636761.744918768,712792.451955993,0.09829606010985,0.047507,2020.18418395628,2020.23497301639,2602000,Liège,Liège,4052,4520,Liège,Liège,4052,4520
717,690,0.06171806010985,639935.66748858,739584.326665521,642634.738812246,733446.86342689,0.10922506010985,0.047507,2020.18418395628,2020.24590201639,2602000,Liège,Liège,4052,4102,Liège,Liège,4052,4102
718,719,0.000357000000000024,642133.139269091,739898.105227963,642329.527745251,739128.914821701,0.018467,0.01811,2020.15478695628,2020.15514395628,2602000,Liège,Liège,4050,4050,Liège,Liège,4050,4050
718,720,0.000357000000000024,642133.139269091,739898.105227963,642329.527745251,739128.914821701,0.018467,0.01811,2020.15478695628,2020.15514395628,2602000,Liège,Liège,4050,4050,Liège,Liège,4050,4050
719,693,0.10988406010985,642329.527745251,739128.914821701,622284.957991487,741990.664302101,0.12835106010985,0.018467,2020.15514395628,2020.26502801639,2602000,Liège,Liège,4050,4920,Liège,Liège,4050,4920
719,692,0.19731506010985,642329.527745251,739128.914821701,645880.390551802,737438.170163197,0.21578206010985,0.018467,2020.15514395628,2020.35245901639,2602000,Liège,Liège,4050,4030,Liège,Liège,4050,4030
720,694,0.0197200601098499,642329.527745251,739128.914821701,639359.483242014,724917.661328785,0.03818706010985,0.018467,2020.15514395628,2020.17486401639,2602000,Liège,Liège,4050,4120,Liège,Liège,4050,4120
720,721,0.01029,642329.527745251,739128.914821701,645944.780440605,742228.273910993,0.028757,0.018467,2020.15514395628,2020.16543395628,2602000,Liège,Liège,4050,4620,Liège,Liège,4050,4620
721,722,0.04767,645944.780440605,742228.273910993,647764.594785711,742780.34357817,0.076427,0.028757,2020.16543395628,2020.21310395628,2602000,Liège,Liège,4620,4610,Liège,Liège,4620,4610
721,723,0.00242999999999999,645944.780440605,742228.273910993,648471.205124946,755347.64910986,0.031187,0.028757,2020.16543395628,2020.16786395628,2602000,Liège,Liège,4620,4890,Liège,Liège,4620,4890
722,696,0.0000110601098499419,647764.594785711,742780.34357817,647962.564806274,743068.248258773,0.0764380601098499,0.076427,2020.21310395628,2020.21311501639,2602000,Liège,Liège,4610,4621,Liège,Liège,4610,4621
722,695,0.04099506010985,647764.594785711,742780.34357817,629068.310632293,733792.527973504,0.11742206010985,0.076427,2020.21310395628,2020.25409901639,2602000,Liège,Liège,4610,4170,Liège,Liège,4610,4170
723,724,0.00234000000000001,648471.205124946,755347.64910986,648244.198829109,756727.133844399,0.033527,0.031187,2020.16786395628,2020.17020395628,2602000,Liège,Liège,4890,4890,Liège,Liège,4890,4890
723,697,0.00700006010984996,648471.205124946,755347.64910986,647871.05411848,754606.706542894,0.03818706010985,0.031187,2020.16786395628,2020.17486401639,2602000,Liège,Liège,4890,4650,Liège,Liège,4890,4650
724,698,0.00192706010984997,648244.198829109,756727.133844399,674513.423806937,684691.393529345,0.03545406010985,0.033527,2020.17020395628,2020.17213101639,2602000,Liège,VlaamsBrabant,4890,3210,Liège,VlaamsBrabant,4890,3210
724,725,0.00232000000000002,648244.198829109,756727.133844399,648977.558033417,756498.15388422,0.035847,0.033527,2020.17020395628,2020.17252395628,2602000,Liège,Liège,4890,4890,Liège,Liège,4890,4890
725,726,0.00231999999999999,648977.558033417,756498.15388422,648088.557466661,754655.832687503,0.038167,0.035847,2020.17252395628,2020.17484395628,2602000,Liège,Liège,4890,4650,Liège,Liège,4890,4650
725,699,0.00234006010984994,648977.558033417,756498.15388422,656922.399447878,707379.098660673,0.03818706010985,0.035847,2020.17252395628,2020.17486401639,2602000,Liège,Limburg,4890,4257,Liège,Limburg,4890,4257
726,727,0.02625,648088.557466661,754655.832687503,628411.160937554,702261.654455286,0.064417,0.038167,2020.17484395628,2020.20109395628,2602000,Liège,Namur,4650,5300,Liège,Namur,4650,5300
726,700,0.0000200601098499509,648088.557466661,754655.832687503,647083.040686005,753704.063274774,0.03818706010985,0.038167,2020.17484395628,2020.17486401639,2602000,Liège,Liège,4650,4650,Liège,Liège,4650,4650
727,728,0.00409999999999999,628411.160937554,702261.654455286,628627.406950343,703566.998446224,0.068517,0.064417,2020.20109395628,2020.20519395628,2602000,Namur,Namur,5300,5300,Namur,Namur,5300,5300
727,701,0.04207606010985,628411.160937554,702261.654455286,630426.858164477,678923.649450113,0.10649306010985,0.064417,2020.20109395628,2020.24317001639,2602000,Namur,Namur,5300,5020,Namur,Namur,5300,5020
728,702,0.00245606010984997,628627.406950343,703566.998446224,629483.10767109,704749.023941823,0.07097306010985,0.068517,2020.20519395628,2020.20765001639,2602000,Namur,Namur,5300,5300,Namur,Namur,5300,5300
728,729,0.00244,628627.406950343,703566.998446224,624365.06649604,691473.761680376,0.070957,0.068517,2020.20519395628,2020.20763395628,2602000,Namur,Namur,5300,5100,Namur,Namur,5300,5100
729,703,0.0000160601098499746,624365.06649604,691473.761680376,650855.832358265,740609.690246221,0.07097306010985,0.070957,2020.20763395628,2020.20765001639,2602000,Namur,Liège,5100,4020,Namur,Liège,5100,4020
729,730,0.03279,624365.06649604,691473.761680376,624691.771431867,683710.458440798,0.103747,0.070957,2020.20763395628,2020.24042395628,2602000,Namur,Namur,5100,5100,Namur,Namur,5100,5100
730,704,0.0000130601098499578,624691.771431867,683710.458440798,624721.770823392,683946.723166627,0.10376006010985,0.103747,2020.24042395628,2020.24043701639,2602000,Namur,Namur,5100,5100,Namur,Namur,5100,5100
730,731,0.00273,624691.771431867,683710.458440798,657132.920168909,710231.13510329,0.106477,0.103747,2020.24042395628,2020.24315395628,2602000,Namur,Liège,5100,3890,Namur,Liège,5100,3890
731,706,0.01094506010985,657132.920168909,710231.13510329,642798.941852777,733301.629775184,0.11742206010985,0.106477,2020.24315395628,2020.25409901639,2602000,Liège,Liège,3890,4102,Liège,Liège,3890,4102
731,705,0.0000160601098499608,657132.920168909,710231.13510329,657035.149515171,709987.752940591,0.10649306010985,0.106477,2020.24315395628,2020.24317001639,2602000,Liège,Liège,3890,4257,Liège,Liège,3890,4257
741,732,0.041053,640117.406937861,740031.913381156,632467.432398683,757661.937591654,0.041053,0,2020.20211639891,2020.24316939891,2602000,Liège,Liège,4052,4900,Liège,Liège,4052,4900
741,742,0.0000670000000000115,640117.406937861,740031.913381156,640046.853917062,740052.05135089,0.0000670000000000115,0,2020.20211639891,2020.20218339891,2602000,Liège,Liège,4052,4052,Liège,Liège,4052,4052
742,743,0.00849,640046.853917062,740052.05135089,651877.923806119,732503.607014052,0.00855700000000001,0.0000670000000000115,2020.20218339891,2020.21067339891,2602000,Liège,Liège,4052,4000,Liège,Liège,4052,4000
742,733,0.00000256830016753806,640046.853917062,740052.05135089,640054.954399577,740044.187241049,0.0000695683001675496,0.0000670000000000115,2020.20218339891,2020.20218596721,2602000,Liège,Liège,4052,4052,Liège,Liège,4052,4052
743,745,0.00244,651877.923806119,732503.607014052,652135.05404046,732743.12589366,0.010997,0.00855700000000001,2020.21067339891,2020.21311339891,2602000,Liège,Liège,4000,4000,Liège,Liège,4000,4000
743,744,0.000519999999999993,651877.923806119,732503.607014052,642236.793434667,732860.681785895,0.009077,0.00855700000000001,2020.21067339891,2020.21119339891,2602000,Liège,Liège,4000,4102,Liège,Liège,4000,4102
744,735,0.0838885683001676,642236.793434667,732860.681785895,629220.216033667,729141.460589888,0.0929655683001676,0.009077,2020.21119339891,2020.29508196721,2602000,Liège,Liège,4102,4163,Liège,Liège,4102,4163
744,734,0.00738556830016754,642236.793434667,732860.681785895,641839.328909205,733051.752307418,0.0164625683001675,0.009077,2020.21119339891,2020.21857896721,2602000,Liège,Liège,4102,4102,Liège,Liège,4102,4102
745,736,0.00000156830016753706,652135.05404046,732743.12589366,652143.844887886,732731.709631364,0.0109985683001675,0.010997,2020.21311339891,2020.21311496721,2602000,Liège,Liège,4000,4000,Liège,Liège,4000,4000
745,746,0.008101,652135.05404046,732743.12589366,645702.888848599,731208.581498681,0.019098,0.010997,2020.21311339891,2020.22121439891,2602000,Liège,Liège,4000,4100,Liège,Liège,4000,4100
746,747,0.019549,645702.888848599,731208.581498681,653321.965369583,725934.010764216,0.038647,0.019098,2020.22121439891,2020.24076339891,2602000,Liège,Liège,4100,4340,Liège,Liège,4100,4340
746,737,0.0000965683001675488,645702.888848599,731208.581498681,645595.126322257,731405.318559448,0.0191945683001676,0.019098,2020.22121439891,2020.22131096721,2602000,Liège,Liège,4100,4100,Liège,Liège,4100,4100
747,748,0.001945,653321.965369583,725934.010764216,653849.92402021,725376.873988088,0.040592,0.038647,2020.24076339891,2020.24270839891,2602000,Liège,Liège,4340,4340,Liège,Liège,4340,4340
747,738,0.00240656830016754,653321.965369583,725934.010764216,652630.338188346,726538.84183942,0.0410535683001675,0.038647,2020.24076339891,2020.24316996721,2602000,Liège,Liège,4340,4342,Liège,Liège,4340,4342
748,740,0.000461568300167539,653849.92402021,725376.873988088,628577.798367287,695496.107037481,0.0410535683001675,0.040592,2020.24270839891,2020.24316996721,2602000,Liège,Namur,4340,5300,Liège,Namur,4340,5300
748,739,0.0113905683001675,653849.92402021,725376.873988088,656936.52387799,725043.504059595,0.0519825683001676,0.040592,2020.24270839891,2020.25409896721,2602000,Liège,Limburg,4340,4340,Liège,Limburg,4340,4340
753,749,0.00000899999999999512,675173.877260324,673181.886623637,675145.751336882,673150.898347533,0.00000899999999999512,0,2020.16119318579,2020.16120218579,2602000,VlaamsBrabant,VlaamsBrabant,3000,3000,VlaamsBrabant,VlaamsBrabant,3000,3000
753,754,0.01366,675173.877260324,673181.886623637,666665.184744774,651067.032224545,0.01366,0,2020.16119318579,2020.17485318579,2602000,VlaamsBrabant,Bruxelles,3000,1000,VlaamsBrabant,Bruxelles,3000,1000
754,750,0.0000104918099098003,666665.184744774,651067.032224545,666654.530680034,651053.553820476,0.0136704918099098,0.01366,2020.17485318579,2020.1748636776,2602000,Bruxelles,Bruxelles,1000,1050,Bruxelles,Bruxelles,1000,1050
754,755,0.05737,666665.184744774,651067.032224545,617997.304303845,662615.74962724,0.07103,0.01366,2020.17485318579,2020.23222318579,2602000,Bruxelles,Hainaut,1000,6200,Bruxelles,Hainaut,1000,6200
755,751,0.0000174918099098004,617997.304303845,662615.74962724,617895.120952968,662548.652639354,0.0710474918099098,0.07103,2020.23222318579,2020.2322406776,2602000,Hainaut,Hainaut,6200,6200,Hainaut,Hainaut,6200,6200
755,752,0.0027494918099098,617997.304303845,662615.74962724,620864.117122837,658364.088003937,0.0737794918099098,0.07103,2020.23222318579,2020.2349726776,2602000,Hainaut,Hainaut,6200,6061,Hainaut,Hainaut,6200,6061
759,756,0.0000109999999999971,666654.631416005,651053.146469388,666654.530680034,651053.553820476,0.0000109999999999971,0,2020.17485238798,2020.17486338798,2602000,Bruxelles,Bruxelles,1050,1050,Bruxelles,Bruxelles,1050,1050
759,760,0.05737,666654.631416005,651053.146469388,617907.134830223,662557.490925422,0.05737,0,2020.17485238798,2020.23222238798,2602000,Bruxelles,Hainaut,1050,6200,Bruxelles,Hainaut,1050,6200
760,757,0.0000182896199588667,617907.134830223,662557.490925422,617895.120952968,662548.652639354,0.0573882896199589,0.05737,2020.23222238798,2020.2322406776,2602000,Hainaut,Hainaut,6200,6200,Hainaut,Hainaut,6200,6200
760,758,0.00275028961995887,617907.134830223,662557.490925422,620864.117122837,658364.088003937,0.0601202896199589,0.05737,2020.23222238798,2020.2349726776,2602000,Hainaut,Hainaut,6200,6061,Hainaut,Hainaut,6200,6061
766,761,0.000100000000000003,655336.090195592,603661.03246138,655448.378817965,603314.019748336,0.000100000000000003,0,2020.18569234973,2020.18579234973,2602000,Hainaut,Hainaut,7890,7890,Hainaut,Hainaut,7890,7890
766,767,0.0000910000000000008,655336.090195592,603661.03246138,655324.882148828,603686.581889415,0.0000910000000000008,0,2020.18569234973,2020.18578334973,2602000,Hainaut,Hainaut,7890,7890,Hainaut,Hainaut,7890,7890
767,768,0.02703,655324.882148828,603686.581889415,651271.795380369,627829.75332886,0.027121,0.0000910000000000008,2020.18578334973,2020.21281334973,2602000,Hainaut,Hainaut,7890,7850,Hainaut,Hainaut,7890,7850
767,769,0.04098,655324.882148828,603686.581889415,642870.711670341,627087.987719028,0.041071,0.0000910000000000008,2020.18578334973,2020.22676334973,2602000,Hainaut,Hainaut,7890,7060,Hainaut,Hainaut,7890,7060
768,762,0.0139628087400222,651271.795380369,627829.75332886,650595.203176267,627905.139330652,0.0410838087400222,0.027121,2020.21281334973,2020.22677615847,2602000,Hainaut,Hainaut,7850,7830,Hainaut,Hainaut,7850,7830
768,763,0.0166948087400222,651271.795380369,627829.75332886,672237.206252723,685806.072788257,0.0438158087400222,0.027121,2020.21281334973,2020.22950815847,2602000,Hainaut,VlaamsBrabant,7850,3370,Hainaut,VlaamsBrabant,7850,3370
769,764,0.0000128087400221993,642870.711670341,627087.987719028,642869.616480675,627093.998248415,0.0410838087400222,0.041071,2020.22676334973,2020.22677615847,2602000,Hainaut,Hainaut,7060,7060,Hainaut,Hainaut,7060,7060
769,765,0.0136738087400222,642870.711670341,627087.987719028,644363.391907129,611800.553446399,0.0547448087400222,0.041071,2020.22676334973,2020.24043715847,2602000,Hainaut,Hainaut,7060,7941,Hainaut,Hainaut,7060,7941
