node1,node2,length,startLat,startLon,endLat,endLon,endNodeL,startNodeL,startYear,endYear,treeID
25,35,0.000305,624186.34621809,636714.481837749,624677.392014787,636893.761876613,0.000305,0,2020.15059719672,2020.15090219672,10000000
25,26,0.032644,624186.34621809,636714.481837749,631207.699802298,642830.808989804,0.032644,0,2020.15059719672,2020.18324119672,10000000
26,27,0.000679999999999986,631207.699802298,642830.808989804,627941.680813188,647172.313340376,0.033324,0.032644,2020.18324119672,2020.18392119672,10000000
26,29,0.00110099999999999,631207.699802298,642830.808989804,631356.210712621,651072.730061335,0.033745,0.032644,2020.18324119672,2020.18434219672,10000000
27,1,0.045587,627941.680813188,647172.313340376,645213.27837536,660472.799401023,0.078911,0.033324,2020.18392119672,2020.22950819672,10000000
27,28,0.081091,627941.680813188,647172.313340376,660393.174612944,752058.790908454,0.114415,0.033324,2020.18392119672,2020.26501219672,10000000
28,3,1.57704901184857e-05,660393.174612944,752058.790908454,660347.033518613,751230.843956215,0.114430770490118,0.114415,2020.26501219672,2020.26502796721,10000000
28,2,1.57704901184857e-05,660393.174612944,752058.790908454,646018.944880149,761202.136617707,0.114430770490118,0.114415,2020.26501219672,2020.26502796721,10000000
29,32,0.00788,631356.210712621,651072.730061335,628511.48880374,644052.93570776,0.041625,0.033745,2020.18434219672,2020.19222219672,10000000
29,30,0.02822,631356.210712621,651072.730061335,627489.506229118,653264.292676557,0.061965,0.033745,2020.18434219672,2020.21256219672,10000000
30,4,0.0169457704901185,627489.506229118,653264.292676557,620882.147130081,659195.08116962,0.0789107704901185,0.061965,2020.21256219672,2020.22950796721,10000000
30,31,0.0142,627489.506229118,653264.292676557,627650.76039503,655407.89615827,0.076165,0.061965,2020.21256219672,2020.22676219672,10000000
31,5,1.37704901184837e-05,627650.76039503,655407.89615827,626602.093001581,655167.334328875,0.0761787704901185,0.076165,2020.22676219672,2020.22677596721,10000000
31,6,1.37704901184837e-05,627650.76039503,655407.89615827,638828.448737194,604839.961196904,0.0761787704901185,0.076165,2020.22676219672,2020.22677596721,10000000
32,7,0.0427507704901185,628511.48880374,644052.93570776,639718.972304918,630017.612253304,0.0843757704901185,0.041625,2020.19222219672,2020.23497296721,10000000
32,33,0.00381000000000001,628511.48880374,644052.93570776,653019.586375666,645824.910997903,0.045435,0.041625,2020.19222219672,2020.19603219672,10000000
33,8,0.0416727704901185,653019.586375666,645824.910997903,676821.442910345,648118.698939596,0.0871077704901185,0.045435,2020.19603219672,2020.23770496721,10000000
33,34,0.02799,653019.586375666,645824.910997903,657574.959653472,651451.047185301,0.073425,0.045435,2020.19603219672,2020.22402219672,10000000
34,9,2.17704901184779e-05,657574.959653472,651451.047185301,657578.942935312,651680.146940532,0.0734467704901185,0.073425,2020.22402219672,2020.22404396721,10000000
34,10,0.00275377049011849,657574.959653472,651451.047185301,635196.628884376,601025.538541939,0.0761787704901185,0.073425,2020.22402219672,2020.22677596721,10000000
35,36,0.07275,624677.392014787,636893.761876613,649124.676928295,746345.659866725,0.073055,0.000305,2020.15090219672,2020.22365219672,10000000
35,40,0.0365,624677.392014787,636893.761876613,666350.789993551,715236.214583919,0.036805,0.000305,2020.15090219672,2020.18740219672,10000000
36,11,0.0195177704901185,649124.676928295,746345.659866725,637258.173479425,723190.927667398,0.0925727704901185,0.073055,2020.22365219672,2020.24316996721,10000000
36,37,0.01951,649124.676928295,746345.659866725,654650.40505289,736742.199736208,0.092565,0.073055,2020.22365219672,2020.24316219672,10000000
37,12,7.77049011847775e-06,654650.40505289,736742.199736208,654591.208326429,736548.859441932,0.0925727704901185,0.092565,2020.24316219672,2020.24316996721,10000000
37,38,0.00273,654650.40505289,736742.199736208,644118.879548907,755056.604044336,0.095295,0.092565,2020.24316219672,2020.24589219672,10000000
38,13,9.77049011847975e-06,644118.879548907,755056.604044336,644138.341118424,754333.657469331,0.0953047704901185,0.095295,2020.24589219672,2020.24590196721,10000000
38,39,0.00684,644118.879548907,755056.604044336,647472.2577888,745703.803987307,0.102135,0.095295,2020.24589219672,2020.25273219672,10000000
39,15,0.0423497704901185,647472.2577888,745703.803987307,639248.937911436,732228.320292446,0.144484770490118,0.102135,2020.25273219672,2020.29508196721,10000000
39,14,0.0423497704901185,647472.2577888,745703.803987307,643798.614983222,739260.79746163,0.144484770490118,0.102135,2020.25273219672,2020.29508196721,10000000
40,16,0.0421057704901185,666350.789993551,715236.214583919,669331.86243515,655534.436721049,0.0789107704901185,0.036805,2020.18740219672,2020.22950796721,10000000
40,41,0.00824,666350.789993551,715236.214583919,663554.574654686,724139.579194754,0.045045,0.036805,2020.18740219672,2020.19564219672,10000000
41,17,0.0420627704901185,663554.574654686,724139.579194754,620010.041786515,605315.150866802,0.0871077704901185,0.045045,2020.19564219672,2020.23770496721,10000000
41,42,0.00956,663554.574654686,724139.579194754,641048.047075621,723750.899423328,0.054605,0.045045,2020.19564219672,2020.20520219672,10000000
42,18,0.0898797704901185,641048.047075621,723750.899423328,627788.407395898,756147.996083106,0.144484770490118,0.054605,2020.20520219672,2020.29508196721,10000000
42,43,0.00244,641048.047075621,723750.899423328,643307.590372738,724985.771021059,0.057045,0.054605,2020.20520219672,2020.20764219672,10000000
43,44,0.01366,643307.590372738,724985.771021059,642547.088147175,736489.5446974,0.070705,0.057045,2020.20764219672,2020.22130219672,10000000
43,19,7.77049011847775e-06,643307.590372738,724985.771021059,643393.001597768,725156.200044067,0.0570527704901185,0.057045,2020.20764219672,2020.20764996721,10000000
44,20,9.77049011847975e-06,642547.088147175,736489.5446974,642505.771597659,736369.952252812,0.0707147704901185,0.070705,2020.22130219672,2020.22131196721,10000000
44,45,0.0082,642547.088147175,736489.5446974,643022.300830897,731548.73241384,0.078905,0.070705,2020.22130219672,2020.22950219672,10000000
45,21,5.77049011848962e-06,643022.300830897,731548.73241384,619734.868467993,671660.024361806,0.0789107704901185,0.078905,2020.22950219672,2020.22950796721,10000000
45,46,0.02186,643022.300830897,731548.73241384,626030.77234887,658763.478749475,0.100765,0.078905,2020.22950219672,2020.25136219672,10000000
46,22,3.77049011848762e-06,626030.77234887,658763.478749475,626301.811131923,658136.028610079,0.100768770490118,0.100765,2020.25136219672,2020.25136596721,10000000
46,47,0.0082,626030.77234887,658763.478749475,643022.300830897,731548.73241384,0.108965,0.100765,2020.25136219672,2020.25956219672,10000000
47,23,7.70490118484624e-07,643022.300830897,731548.73241384,642991.210494966,731172.956283828,0.108965770490118,0.108965,2020.25956219672,2020.25956296721,10000000
47,24,0.00273277049011848,643022.300830897,731548.73241384,647003.515901518,739792.941476986,0.111697770490118,0.108965,2020.25956219672,2020.26229496721,10000000
